1	0.52177	0.47977	0.13041	0.09338	0.08087	0.05349	0.03826	0.0196	0.01985	0.0122	0.00611	0.00545	0.00421	0.00354	0.0029	0.00258	0.00344	0.00349	0.00417	0.00544	0.00738	0.01275	0.01348	0.01379	0.01145	0.01001	0.0084	0.00726	0.00794	0.00855	0.00884	0.00891	0.00801	0.00627	0.00611	0.0053	0.00526	0.0044	0.00463	0.00404	0.00319	0.0035	0.00321	0.00208	0.0021	0.0022	0.00219	0.0021	0.00226	0.00276	0.0026	0.00203	0.00237	0.00273	0.00203	0.00291	0.00342	0.0038	0.00439	0.0055	0.0068	0.00715	0.00869	0.00817	0.00738	0.00801	0.0065	0.00598	0.00592	0.00524	0.00526	0.00445	0.00375	0.00313	0.00298	0.00294	0.00269	0.00328	0.00365	0.00342	0.00434	0.00451	0.00422	0.00371	0.00387	0.0036	0.00321	0.00326	0.00322	0.00299	0.00256	0.00238	0.00243	0.00255	0.00239	0.00248	0.00328	0.00439	0.00437	0.00563	0.00512	0.00478	0.00449	0.00343	0.00355	0.00342	0.00316	0.00293	0.00328	0.00332	0.00331	0.00307	0.00287	0.00257	0.00206	0.0033	0.00464	0.005	0.00631	0.00614	0.0041	0.00357	0.0034	0.00333	0.00489	0.00595	0.00496	0.0035	0.0039	0.00497	0.00475	0.00417	0.00443
0.52177	1	0.71771	0.69723	0.18403	0.19627	0.11109	0.08336	0.03846	0.04748	0.04294	0.0095	0.01022	0.00918	0.00534	0.00403	0.004	0.0058	0.00467	0.00586	0.00852	0.01129	0.01858	0.02245	0.01737	0.01658	0.01361	0.01265	0.01019	0.0101	0.01096	0.01269	0.00977	0.00922	0.00743	0.00667	0.00527	0.00516	0.00494	0.00502	0.00545	0.00466	0.00469	0.00374	0.00284	0.003	0.003	0.00312	0.00293	0.00335	0.00417	0.00376	0.00333	0.00307	0.00386	0.00275	0.00405	0.00456	0.00587	0.00723	0.00856	0.01227	0.01214	0.01226	0.01124	0.01129	0.01057	0.0089	0.0079	0.00902	0.00723	0.00729	0.00611	0.00486	0.00338	0.00384	0.00431	0.00336	0.00484	0.00606	0.00431	0.00565	0.00597	0.00567	0.00508	0.00512	0.00487	0.00429	0.00421	0.005	0.00433	0.00358	0.00325	0.00359	0.00332	0.00342	0.00371	0.00521	0.00679	0.00682	0.00869	0.00694	0.0063	0.00514	0.00457	0.00472	0.00416	0.00371	0.00341	0.00403	0.00349	0.00317	0.00273	0.00325	0.00349	0.00281	0.00393	0.00629	0.00686	0.00949	0.00852	0.00503	0.00478	0.00466	0.00437	0.00493	0.00568	0.00469	0.00375	0.00383	0.00514	0.00523	0.00461	0.00478
0.47977	0.71771	1	0.84502	0.77077	0.33146	0.17844	0.09552	0.04666	0.0651	0.04426	0.01113	0.01066	0.01304	0.008	0.00447	0.00601	0.00775	0.00558	0.00731	0.0117	0.01669	0.01943	0.02249	0.01901	0.01717	0.01388	0.01435	0.01194	0.01097	0.01046	0.01289	0.01063	0.00897	0.00934	0.00914	0.00759	0.00908	0.00778	0.00763	0.00591	0.00595	0.00748	0.00451	0.00331	0.00473	0.0036	0.00274	0.00314	0.00511	0.00496	0.00487	0.00461	0.00528	0.00494	0.00442	0.00868	0.00719	0.01049	0.01475	0.01489	0.01967	0.0227	0.02408	0.01571	0.01897	0.01979	0.01314	0.01441	0.01366	0.01158	0.00982	0.00963	0.00766	0.00609	0.00707	0.00797	0.00487	0.00682	0.00885	0.0061	0.00841	0.00961	0.0082	0.00764	0.0076	0.00722	0.00613	0.00519	0.00686	0.00607	0.00417	0.00478	0.00622	0.00547	0.00465	0.00636	0.01068	0.0101	0.01021	0.01492	0.01039	0.01057	0.00901	0.00596	0.00783	0.00611	0.00514	0.00442	0.00589	0.00576	0.00612	0.00571	0.00505	0.0048	0.0039	0.0068	0.00896	0.01039	0.01358	0.00974	0.00704	0.00715	0.00698	0.00767	0.01149	0.00938	0.00702	0.00501	0.00659	0.00796	0.00519	0.00441	0.00412
0.13041	0.69723	0.84502	1	0.90171	0.73946	0.20979	0.13832	0.07824	0.13758	0.05258	0.01445	0.01695	0.01954	0.01226	0.00716	0.00607	0.01184	0.00782	0.00759	0.00996	0.01389	0.0204	0.02399	0.02234	0.02937	0.02166	0.02488	0.01743	0.01839	0.01582	0.01505	0.01259	0.0115	0.01096	0.01415	0.01455	0.01562	0.01162	0.01208	0.00998	0.00824	0.01122	0.00959	0.00519	0.00752	0.0079	0.00501	0.00541	0.00818	0.0075	0.00625	0.00641	0.0082	0.00805	0.00698	0.01201	0.01267	0.01344	0.01719	0.02337	0.02964	0.03287	0.0375	0.02962	0.02569	0.02878	0.02265	0.02004	0.02029	0.01666	0.01787	0.0164	0.01227	0.01121	0.01434	0.01472	0.00904	0.0104	0.01475	0.01033	0.01215	0.01406	0.01322	0.01109	0.0113	0.01075	0.00948	0.00783	0.00951	0.00988	0.00742	0.00757	0.00948	0.01046	0.0086	0.00983	0.01659	0.01811	0.01693	0.01872	0.01847	0.01654	0.0146	0.01224	0.01302	0.01045	0.00803	0.00672	0.0089	0.00951	0.01056	0.0105	0.00874	0.00682	0.00627	0.01093	0.01464	0.01911	0.01696	0.01328	0.01052	0.0097	0.01036	0.01231	0.01713	0.0151	0.01081	0.00723	0.01005	0.00922	0.00653	0.00609	0.00525
0.09338	0.18403	0.77077	0.90171	1	0.92825	0.76943	0.18869	0.16551	0.22844	0.0921	0.01089	0.02034	0.01861	0.00988	0.00528	0.00452	0.00589	0.00468	0.00544	0.00686	0.00834	0.01267	0.01811	0.01855	0.02166	0.01896	0.0219	0.01605	0.01524	0.01336	0.01135	0.00978	0.00789	0.0084	0.00936	0.00964	0.01074	0.008	0.00855	0.00646	0.00702	0.00858	0.006	0.00349	0.0056	0.00536	0.00324	0.00414	0.00624	0.00528	0.00489	0.00676	0.00958	0.00724	0.00745	0.01414	0.0126	0.01734	0.01841	0.02642	0.03693	0.03633	0.04498	0.04108	0.03248	0.03867	0.0308	0.02754	0.02654	0.01699	0.02027	0.0189	0.01438	0.01278	0.02037	0.02318	0.01052	0.0099	0.01501	0.00994	0.01256	0.01639	0.01451	0.01198	0.01134	0.01042	0.00812	0.00666	0.00841	0.00803	0.00519	0.00536	0.0074	0.00651	0.00526	0.00827	0.01246	0.01355	0.01307	0.0151	0.01416	0.01404	0.01285	0.01109	0.01308	0.01076	0.0071	0.00559	0.00757	0.00828	0.00945	0.00898	0.00809	0.00528	0.00531	0.00975	0.0143	0.01564	0.01366	0.01242	0.00982	0.00872	0.01051	0.01258	0.015	0.01412	0.00983	0.00634	0.00884	0.00839	0.00601	0.00524	0.00506
0.08087	0.19627	0.33146	0.73946	0.92825	1	0.96351	0.81221	0.29828	0.70973	0.42319	0.0145	0.01557	0.03503	0.00768	0.00743	0.00748	0.00626	0.00414	0.00463	0.00698	0.00511	0.00791	0.0153	0.01591	0.02864	0.02311	0.03865	0.02639	0.02086	0.01781	0.01522	0.01296	0.00997	0.0127	0.01188	0.01098	0.01595	0.00873	0.00846	0.00601	0.00932	0.01008	0.00356	0.0035	0.00731	0.00561	0.00196	0.00503	0.00827	0.00417	0.00442	0.0079	0.01809	0.00934	0.01059	0.02622	0.022	0.02917	0.02565	0.0414	0.0693	0.05455	0.05782	0.04619	0.03323	0.04057	0.02384	0.02316	0.02729	0.01661	0.02431	0.02574	0.01869	0.01806	0.02859	0.02761	0.01002	0.01214	0.0149	0.00894	0.01479	0.02014	0.01471	0.01086	0.01158	0.01265	0.00844	0.00657	0.00969	0.00938	0.00494	0.0071	0.0137	0.0116	0.00606	0.01433	0.02793	0.01975	0.01849	0.02464	0.01752	0.02257	0.01708	0.01159	0.01835	0.01517	0.00791	0.00583	0.00957	0.01035	0.01162	0.01094	0.00856	0.00478	0.0055	0.01176	0.01267	0.01599	0.0174	0.0163	0.01493	0.01178	0.01607	0.01622	0.0211	0.01601	0.01481	0.00681	0.01076	0.01001	0.00594	0.00544	0.0052
0.05349	0.11109	0.17844	0.20979	0.76943	0.96351	1	0.98382	0.95745	0.92792	0.9139	0.04099	0.00762	0.01001	0.00806	0.00266	0.00514	0.00589	0.00253	0.00187	0.00408	0.00268	0.00356	0.00875	0.01264	0.02558	0.02533	0.03538	0.02901	0.0157	0.01416	0.01202	0.00927	0.00823	0.00924	0.00698	0.00721	0.01161	0.00812	0.00766	0.00621	0.01144	0.01575	0.00434	0.00248	0.01303	0.00907	0.00242	0.00424	0.01342	0.00479	0.00325	0.00673	0.01995	0.00934	0.00848	0.02152	0.01411	0.01947	0.01844	0.02538	0.04804	0.04243	0.03941	0.03342	0.02464	0.03499	0.01783	0.01734	0.02556	0.01684	0.027	0.02856	0.01896	0.01748	0.02787	0.02392	0.00769	0.00922	0.01349	0.00827	0.01305	0.01562	0.01306	0.00899	0.01031	0.01201	0.00922	0.00553	0.01058	0.00985	0.00578	0.00671	0.01731	0.02195	0.00688	0.01556	0.03805	0.02342	0.01558	0.02655	0.01686	0.02501	0.01706	0.00945	0.01566	0.01516	0.00763	0.0049	0.01088	0.00938	0.01048	0.00963	0.00765	0.00405	0.00506	0.01238	0.01174	0.01709	0.02194	0.02437	0.01977	0.01393	0.01397	0.01301	0.02372	0.01491	0.01559	0.00615	0.01176	0.01029	0.00643	0.00624	0.00656
0.03826	0.08336	0.09552	0.13832	0.18869	0.81221	0.98382	1	0.98977	0.97311	0.94894	0.91523	0.01633	0.00462	0.00361	0.0036	0.00192	0.00301	0.00294	0.00154	0.00261	0.00208	0.0028	0.0065	0.00931	0.02546	0.02397	0.03939	0.03045	0.0177	0.01667	0.01591	0.01061	0.01101	0.00991	0.00991	0.00741	0.01762	0.01225	0.01145	0.00824	0.01885	0.02759	0.00495	0.00291	0.01342	0.01297	0.00302	0.00469	0.01572	0.00554	0.00334	0.00592	0.01913	0.00769	0.00947	0.01858	0.01379	0.02457	0.02895	0.04627	0.08165	0.05789	0.06474	0.04961	0.03028	0.06535	0.01919	0.02177	0.02741	0.01797	0.03777	0.03548	0.02229	0.01734	0.04243	0.03548	0.00881	0.01071	0.0203	0.00985	0.01397	0.01579	0.01305	0.00805	0.01078	0.00962	0.00747	0.00485	0.01076	0.01172	0.00547	0.00684	0.01732	0.02128	0.00563	0.00986	0.03706	0.02432	0.01375	0.02322	0.01657	0.02199	0.01547	0.00927	0.01288	0.01475	0.00701	0.00518	0.0105	0.00993	0.00967	0.00951	0.00756	0.00454	0.00496	0.01289	0.01232	0.01591	0.02425	0.02088	0.02113	0.01341	0.01303	0.01139	0.02163	0.01408	0.01602	0.00603	0.01469	0.01144	0.00907	0.0093	0.00877
0.0196	0.03846	0.04666	0.07824	0.16551	0.29828	0.95745	0.98977	1	0.97652	0.9456	0.92375	0.91436	0.01418	0.00391	0.00482	0.00238	0.00276	0.0033	0.00294	0.0028	0.0014	0.00373	0.00901	0.0083	0.02681	0.01765	0.0268	0.02824	0.01287	0.01202	0.01072	0.00816	0.0055	0.00582	0.00428	0.00534	0.01032	0.00504	0.00531	0.00381	0.00872	0.00956	0.00247	0.00159	0.0115	0.00858	0.00148	0.00315	0.01228	0.00373	0.00221	0.00539	0.02817	0.00964	0.01389	0.07143	0.06831	0.10808	0.0915	0.13566	0.25653	0.09776	0.09313	0.06627	0.03341	0.06345	0.01956	0.02524	0.03052	0.01537	0.04431	0.05193	0.02304	0.0132	0.0343	0.03663	0.00734	0.00939	0.01557	0.00803	0.01445	0.01279	0.01197	0.00787	0.01018	0.01116	0.00879	0.00526	0.00946	0.01112	0.00417	0.00478	0.00961	0.00862	0.00238	0.00461	0.01287	0.00679	0.00502	0.00976	0.00708	0.01184	0.0104	0.0066	0.01407	0.0144	0.00752	0.00639	0.00963	0.0102	0.01268	0.01234	0.00761	0.00424	0.0048	0.01282	0.00956	0.01629	0.02343	0.01807	0.01994	0.01227	0.01041	0.00986	0.02141	0.01339	0.01905	0.0059	0.01586	0.01244	0.0109	0.01119	0.00998
0.01985	0.04748	0.0651	0.13758	0.22844	0.70973	0.92792	0.97311	0.97652	1	0.96602	0.96081	0.91909	0.88265	0.01466	0.00714	0.00407	0.00379	0.00284	0.0035	0.00485	0.00113	0.00195	0.00994	0.0083	0.04038	0.01668	0.02655	0.03337	0.00803	0.00675	0.00652	0.00406	0.00324	0.00399	0.00268	0.00307	0.01038	0.00331	0.00367	0.00201	0.00582	0.00623	0.00109	0.00109	0.00803	0.00524	0.00069	0.00222	0.01307	0.00296	0.00158	0.00426	0.03275	0.00985	0.00731	0.04547	0.04248	0.07515	0.02925	0.0571	0.15888	0.05663	0.03868	0.02666	0.01724	0.04176	0.01202	0.01557	0.02595	0.01207	0.03679	0.04	0.01564	0.00724	0.01836	0.01681	0.00391	0.00513	0.00842	0.00411	0.00851	0.00992	0.00832	0.00623	0.00808	0.01001	0.00717	0.00468	0.00798	0.00935	0.0032	0.0057	0.01774	0.01698	0.00252	0.00896	0.03148	0.00818	0.00571	0.0123	0.00544	0.01011	0.00931	0.00378	0.00924	0.00965	0.00385	0.00244	0.0055	0.00585	0.00825	0.00912	0.00505	0.00263	0.00346	0.01341	0.0076	0.01601	0.03382	0.02238	0.02833	0.0158	0.01262	0.01225	0.03453	0.01216	0.01732	0.0039	0.00996	0.00806	0.00646	0.00669	0.00588
0.0122	0.04294	0.04426	0.05258	0.0921	0.42319	0.9139	0.94894	0.9456	0.96602	1	0.95949	0.90685	0.90008	0.84287	0.02024	0.00723	0.0049	0.0038	0.00371	0.00432	0.00142	0.00153	0.00561	0.00557	0.03163	0.01501	0.02391	0.03982	0.00755	0.00888	0.01026	0.00601	0.00501	0.00657	0.00383	0.00431	0.02062	0.00681	0.00817	0.00404	0.0187	0.06335	0.00374	0.00268	0.06872	0.05584	0.00251	0.00652	0.11317	0.01265	0.00234	0.00796	0.04683	0.00527	0.00367	0.01182	0.00481	0.00643	0.00427	0.00567	0.01261	0.00853	0.00927	0.00668	0.00449	0.01078	0.00494	0.0069	0.01128	0.00607	0.01219	0.01604	0.00652	0.00459	0.01662	0.01594	0.00296	0.00465	0.00824	0.00355	0.00687	0.00732	0.00713	0.00426	0.00735	0.01111	0.00882	0.00774	0.03189	0.0431	0.0132	0.03292	0.17551	0.21374	0.00829	0.02838	0.23128	0.03654	0.01044	0.04468	0.01235	0.01576	0.01727	0.0056	0.00929	0.01141	0.00433	0.00201	0.00591	0.00645	0.0095	0.01133	0.00632	0.00286	0.00363	0.01909	0.00788	0.01493	0.03375	0.01779	0.01833	0.01496	0.01124	0.01132	0.04969	0.01353	0.0229	0.00431	0.01293	0.01124	0.00863	0.00744	0.00675
0.00611	0.0095	0.01113	0.01445	0.01089	0.0145	0.04099	0.91523	0.92375	0.96081	0.95949	1	0.95164	0.91604	0.90008	0.80509	0.03219	0.01847	0.01517	0.01176	0.01105	0.00351	0.00594	0.0127	0.00783	0.04306	0.01834	0.03945	0.06233	0.01214	0.01336	0.01774	0.01149	0.01004	0.00876	0.0058	0.00515	0.02862	0.00671	0.00747	0.00347	0.02801	0.10878	0.0086	0.00435	0.15816	0.13489	0.0047	0.00752	0.08837	0.01299	0.00241	0.00774	0.04135	0.00475	0.00576	0.04154	0.01328	0.02106	0.01984	0.03841	0.11917	0.03177	0.0446	0.02647	0.0169	0.03664	0.013	0.02535	0.04274	0.01277	0.0409	0.05593	0.01499	0.0136	0.08097	0.05655	0.00679	0.01039	0.02135	0.00895	0.01795	0.01682	0.02041	0.00792	0.01996	0.024	0.01704	0.01196	0.0252	0.02863	0.00769	0.00865	0.04009	0.03271	0.0035	0.00551	0.03636	0.01159	0.00421	0.01308	0.00706	0.01085	0.01016	0.00428	0.00738	0.01002	0.00412	0.00235	0.0067	0.00794	0.01351	0.01485	0.00634	0.00374	0.00376	0.01903	0.00666	0.01314	0.02679	0.01333	0.01301	0.01091	0.00922	0.00872	0.03002	0.01025	0.02023	0.00405	0.0126	0.01274	0.00913	0.00855	0.0072
0.00545	0.01022	0.01066	0.01695	0.02034	0.01557	0.00762	0.01633	0.91436	0.91909	0.90685	0.95164	1	0.95548	0.89192	0.85491	0.80644	0.0458	0.02549	0.02076	0.02299	0.00738	0.00948	0.03135	0.00966	0.02586	0.01214	0.01448	0.02877	0.00691	0.00711	0.00562	0.00814	0.006	0.00768	0.00409	0.00519	0.01257	0.00298	0.00257	0.00133	0.00384	0.01164	0.00215	0.00108	0.01774	0.01983	0.00225	0.0045	0.04436	0.00864	0.00247	0.00972	0.07013	0.00878	0.00925	0.16525	0.05907	0.08844	0.08459	0.15208	0.33872	0.10652	0.10622	0.04522	0.03186	0.07025	0.01709	0.04335	0.10391	0.02548	0.06976	0.12399	0.03475	0.01352	0.07321	0.06624	0.00719	0.00905	0.01528	0.00799	0.0233	0.01945	0.03188	0.01336	0.03813	0.04235	0.03066	0.01449	0.01778	0.01874	0.00385	0.00409	0.00822	0.00483	0.00081	0.00267	0.00826	0.00347	0.00219	0.00642	0.00345	0.00897	0.01182	0.0045	0.00755	0.01229	0.00409	0.00243	0.00613	0.00708	0.01007	0.01092	0.00429	0.0024	0.00296	0.01398	0.00523	0.01072	0.02583	0.01403	0.01721	0.01287	0.00932	0.00856	0.02432	0.00775	0.01478	0.00362	0.01028	0.01023	0.00727	0.00723	0.00682
0.00421	0.00918	0.01304	0.01954	0.01861	0.03503	0.01001	0.00462	0.01418	0.88265	0.90008	0.91604	0.95548	1	0.96265	0.89847	0.84854	0.67444	0.03461	0.01866	0.01384	0.0043	0.00776	0.03049	0.01185	0.03597	0.01282	0.02045	0.03473	0.00578	0.00716	0.00648	0.00764	0.00594	0.01047	0.00591	0.00604	0.02637	0.00458	0.0055	0.00226	0.01171	0.04011	0.00262	0.00207	0.05384	0.03446	0.00211	0.01123	0.1329	0.01461	0.0028	0.01372	0.08271	0.01013	0.00429	0.0282	0.01392	0.01675	0.01278	0.01488	0.0338	0.01658	0.01783	0.01314	0.00952	0.0204	0.00771	0.01164	0.02823	0.01417	0.03008	0.04622	0.01216	0.00534	0.01866	0.01846	0.00308	0.0033	0.00551	0.00369	0.00685	0.00751	0.01066	0.00767	0.0284	0.03804	0.03677	0.03266	0.08033	0.14197	0.01796	0.03351	0.23223	0.09078	0.0034	0.03557	0.17785	0.01888	0.00817	0.03995	0.01062	0.02227	0.03654	0.00631	0.00839	0.01184	0.00396	0.00183	0.00498	0.00483	0.00822	0.00871	0.00383	0.00212	0.00261	0.01557	0.0051	0.01278	0.03245	0.01631	0.01887	0.01758	0.01113	0.00924	0.04432	0.01111	0.02155	0.00413	0.01423	0.01301	0.01107	0.00883	0.00741
0.00354	0.00534	0.008	0.01226	0.00988	0.00768	0.00806	0.00361	0.00391	0.01466	0.84287	0.90008	0.89192	0.96265	1	0.95999	0.91713	0.84088	0.79113	0.09813	0.03922	0.01179	0.01308	0.03828	0.03617	0.14317	0.05721	0.07738	0.1601	0.02458	0.02276	0.02147	0.0205	0.0157	0.02841	0.0116	0.01215	0.10998	0.01692	0.0231	0.01504	0.12517	0.65159	0.03949	0.01153	0.4695	0.39552	0.00739	0.02617	0.28738	0.03514	0.0037	0.01909	0.0973	0.00811	0.00614	0.03204	0.00736	0.00737	0.00962	0.00841	0.01264	0.00548	0.00639	0.00583	0.0054	0.01042	0.0052	0.00793	0.01262	0.00803	0.01991	0.03486	0.00929	0.00691	0.03541	0.02345	0.00418	0.0066	0.0113	0.00648	0.01	0.01128	0.01365	0.00771	0.02862	0.03342	0.03143	0.02395	0.07828	0.13504	0.02217	0.04075	0.43338	0.21977	0.00626	0.05154	0.32031	0.03665	0.01048	0.04694	0.01749	0.02759	0.02862	0.00894	0.00884	0.0153	0.00601	0.00271	0.00753	0.00784	0.01658	0.01876	0.00568	0.00296	0.00397	0.02674	0.00749	0.0172	0.04715	0.02137	0.02149	0.01909	0.01344	0.01122	0.05818	0.01914	0.03805	0.0062	0.01977	0.02085	0.01212	0.01048	0.00842
0.0029	0.00403	0.00447	0.00716	0.00528	0.00743	0.00266	0.0036	0.00482	0.00714	0.02024	0.80509	0.85491	0.89847	0.95999	1	0.96221	0.90126	0.88334	0.78835	0.29007	0.05313	0.04499	0.07491	0.06388	0.16908	0.07637	0.09465	0.16131	0.03118	0.03017	0.02599	0.02356	0.01293	0.01682	0.00744	0.00655	0.0287	0.00596	0.0074	0.00385	0.0219	0.26128	0.01301	0.00331	0.12854	0.12429	0.00526	0.00844	0.06957	0.01378	0.00267	0.01084	0.05134	0.00857	0.01305	0.12283	0.0235	0.02085	0.05395	0.05137	0.11047	0.03071	0.03295	0.02041	0.0177	0.02902	0.01298	0.02276	0.05021	0.02088	0.04141	0.05369	0.015	0.01024	0.04719	0.04186	0.0082	0.01446	0.01739	0.01172	0.02118	0.02818	0.02528	0.01452	0.05277	0.04841	0.02999	0.01989	0.02681	0.03381	0.00481	0.00346	0.01622	0.01176	0.00153	0.00438	0.01759	0.00681	0.00449	0.01605	0.00934	0.02206	0.02927	0.01243	0.01286	0.02307	0.01174	0.00483	0.01071	0.01183	0.01974	0.02513	0.00573	0.00264	0.0032	0.02124	0.006	0.01539	0.03952	0.02397	0.02848	0.02077	0.01304	0.01312	0.04871	0.01995	0.0385	0.00758	0.02609	0.03135	0.01776	0.01518	0.01225
0.00258	0.004	0.00601	0.00607	0.00452	0.00748	0.00514	0.00192	0.00238	0.00407	0.00723	0.03219	0.80644	0.84854	0.91713	0.96221	1	0.95251	0.8584	0.83675	0.70656	0.25444	0.1066	0.14295	0.09109	0.13963	0.04717	0.04259	0.06836	0.02	0.01793	0.01846	0.02358	0.01327	0.017	0.00669	0.00818	0.02326	0.00442	0.00515	0.00265	0.00595	0.02858	0.00355	0.00182	0.01993	0.0228	0.00238	0.00843	0.06326	0.00917	0.00385	0.01741	0.08109	0.01461	0.01447	0.07293	0.0283	0.01624	0.02846	0.03012	0.05357	0.02693	0.02829	0.02134	0.01914	0.02384	0.01237	0.02255	0.03988	0.02232	0.03351	0.03907	0.01342	0.00579	0.02045	0.02092	0.00519	0.00666	0.01057	0.00735	0.01232	0.01613	0.02447	0.01569	0.05763	0.07784	0.0602	0.05499	0.08113	0.11881	0.00865	0.01107	0.06537	0.01875	0.00182	0.01315	0.0408	0.00815	0.00846	0.03836	0.01506	0.03924	0.04791	0.0139	0.01091	0.02044	0.00737	0.0033	0.00729	0.00908	0.01388	0.01428	0.0046	0.0026	0.0028	0.01343	0.00545	0.01548	0.03302	0.02499	0.03251	0.02502	0.01557	0.01653	0.07144	0.02497	0.04074	0.0096	0.02498	0.03021	0.01937	0.0188	0.01429
0.00344	0.0058	0.00775	0.01184	0.00589	0.00626	0.00589	0.00301	0.00276	0.00379	0.0049	0.01847	0.0458	0.67444	0.84088	0.90126	0.95251	1	0.95516	0.80778	0.63075	0.44747	0.16914	0.23405	0.1826	0.25516	0.12155	0.07882	0.10116	0.026	0.02846	0.02765	0.02713	0.0202	0.02429	0.0168	0.02216	0.0943	0.01733	0.0248	0.01207	0.04152	0.16562	0.00856	0.00457	0.06757	0.04961	0.00287	0.00757	0.04115	0.00758	0.00248	0.00807	0.0291	0.00706	0.00533	0.0127	0.00694	0.00438	0.00599	0.00555	0.00612	0.00659	0.00702	0.00923	0.00834	0.00891	0.0079	0.01226	0.01883	0.01031	0.01367	0.01728	0.00634	0.0033	0.00919	0.00909	0.00309	0.00471	0.00696	0.00527	0.00571	0.00784	0.01178	0.00753	0.01774	0.03065	0.03115	0.03739	0.08547	0.19776	0.02706	0.03043	0.28467	0.13845	0.00636	0.04231	0.16087	0.02535	0.01061	0.0422	0.0201	0.03976	0.03724	0.01495	0.00939	0.0143	0.00543	0.00269	0.00633	0.00625	0.01124	0.01181	0.00526	0.00304	0.00448	0.01872	0.00849	0.02009	0.0391	0.03023	0.0254	0.0275	0.01675	0.02054	0.05834	0.02556	0.04239	0.01081	0.03192	0.0433	0.02864	0.02874	0.02522
0.00349	0.00467	0.00558	0.00782	0.00468	0.00414	0.00253	0.00294	0.0033	0.00284	0.0038	0.01517	0.02549	0.03461	0.79113	0.88334	0.8584	0.95516	1	0.96334	0.73516	0.56377	0.40418	0.43186	0.41228	0.45111	0.3036	0.26917	0.2898	0.065	0.0745	0.06152	0.04412	0.02112	0.02905	0.01586	0.02139	0.10698	0.02399	0.03311	0.01603	0.0489	0.31901	0.02211	0.00548	0.11587	0.14096	0.00341	0.00721	0.07788	0.01324	0.00345	0.00971	0.04606	0.0077	0.00717	0.02518	0.01097	0.00642	0.01317	0.00803	0.00892	0.00677	0.00832	0.00625	0.00774	0.00949	0.00572	0.00823	0.01457	0.00817	0.01177	0.01817	0.00684	0.00434	0.01688	0.01398	0.00465	0.00627	0.01077	0.00707	0.0094	0.01092	0.01205	0.00728	0.0149	0.02183	0.01592	0.01448	0.02066	0.04599	0.0081	0.0062	0.05841	0.04565	0.00445	0.01971	0.10059	0.02044	0.01122	0.03472	0.02443	0.04521	0.04386	0.0314	0.01806	0.02699	0.01311	0.00665	0.01382	0.01807	0.0288	0.03196	0.00969	0.00594	0.00711	0.02893	0.01142	0.03255	0.05598	0.03851	0.03167	0.0394	0.02334	0.0298	0.09924	0.0437	0.07974	0.02043	0.07069	0.08262	0.04543	0.04348	0.0323
0.00417	0.00586	0.00731	0.00759	0.00544	0.00463	0.00187	0.00154	0.00294	0.0035	0.00371	0.01176	0.02076	0.01866	0.09813	0.78835	0.83675	0.80778	0.96334	1	0.94304	0.74023	0.56906	0.58456	0.44339	0.39183	0.1848	0.11462	0.15931	0.04743	0.05476	0.05622	0.03625	0.02082	0.01602	0.01144	0.01365	0.02602	0.01097	0.01044	0.00573	0.00728	0.01848	0.00515	0.00165	0.00735	0.016	0.00201	0.0026	0.01409	0.00781	0.00279	0.00738	0.01942	0.00697	0.00662	0.01878	0.01183	0.00652	0.00982	0.01044	0.01078	0.01191	0.01123	0.00989	0.00954	0.01291	0.01162	0.00956	0.01772	0.01081	0.01416	0.01639	0.01095	0.00517	0.01241	0.01188	0.0039	0.00536	0.00777	0.00713	0.00855	0.01423	0.01499	0.01004	0.02105	0.03018	0.02099	0.02314	0.01918	0.03017	0.0045	0.00422	0.01334	0.01126	0.00289	0.00886	0.02011	0.0094	0.00711	0.0149	0.01237	0.02691	0.02413	0.01788	0.01766	0.02291	0.01987	0.008	0.01627	0.01866	0.02233	0.02001	0.00862	0.00449	0.00496	0.01471	0.01227	0.02481	0.03782	0.04264	0.03454	0.04483	0.03098	0.04247	0.09236	0.05253	0.08046	0.02867	0.09802	0.1157	0.07327	0.0809	0.04793
0.00544	0.00852	0.0117	0.00996	0.00686	0.00698	0.00408	0.00261	0.0028	0.00485	0.00432	0.01105	0.02299	0.01384	0.03922	0.29007	0.70656	0.63075	0.73516	0.94304	1	0.95076	0.84099	0.47306	0.18612	0.12522	0.06917	0.03773	0.0439	0.02842	0.03478	0.03762	0.02591	0.01994	0.01707	0.01037	0.01411	0.03204	0.01175	0.01324	0.00813	0.01035	0.02385	0.00463	0.00359	0.01301	0.01684	0.0023	0.00475	0.01912	0.00746	0.00303	0.00675	0.02031	0.00642	0.00706	0.01674	0.01014	0.00558	0.0084	0.01037	0.01018	0.01152	0.01166	0.00917	0.00935	0.01272	0.00897	0.01003	0.01382	0.00986	0.01058	0.01545	0.0089	0.00513	0.01293	0.01488	0.0049	0.00675	0.01138	0.00948	0.0085	0.01287	0.01535	0.0104	0.01615	0.0389	0.03267	0.03355	0.03715	0.08267	0.00905	0.00942	0.03203	0.02458	0.00475	0.01247	0.02764	0.01003	0.00868	0.01591	0.01004	0.0149	0.01448	0.00864	0.00902	0.01435	0.01049	0.00524	0.00969	0.013	0.01842	0.01779	0.0088	0.00636	0.00664	0.01691	0.01756	0.03427	0.04223	0.03769	0.02409	0.0335	0.02135	0.02208	0.04787	0.03055	0.05536	0.02603	0.09146	0.15358	0.09633	0.11411	0.07326
0.00738	0.01129	0.01669	0.01389	0.00834	0.00511	0.00268	0.00208	0.0014	0.00113	0.00142	0.00351	0.00738	0.0043	0.01179	0.05313	0.25444	0.44747	0.56377	0.74023	0.95076	1	0.98019	0.82418	0.16446	0.10314	0.07509	0.05023	0.04958	0.03089	0.04719	0.04979	0.03522	0.03116	0.02813	0.01954	0.02459	0.0594	0.0206	0.02736	0.01274	0.01628	0.03151	0.00887	0.00335	0.01303	0.02294	0.00268	0.00323	0.01223	0.00708	0.00252	0.00556	0.01394	0.00609	0.00576	0.01017	0.00898	0.00518	0.00584	0.00799	0.00779	0.01048	0.00963	0.00723	0.00812	0.01074	0.00835	0.00945	0.01368	0.00883	0.0088	0.01095	0.00712	0.00449	0.01013	0.01	0.00449	0.00587	0.00913	0.00692	0.00775	0.00953	0.0095	0.00711	0.00936	0.01687	0.01803	0.01549	0.01426	0.02658	0.00672	0.00458	0.01322	0.0183	0.0054	0.00914	0.0167	0.00984	0.00689	0.01111	0.00894	0.01131	0.01112	0.00989	0.00917	0.01176	0.01081	0.00531	0.01149	0.01515	0.02025	0.01759	0.01114	0.01116	0.01066	0.0177	0.02495	0.04078	0.0399	0.03473	0.02149	0.0297	0.01713	0.02021	0.04132	0.02737	0.04445	0.02488	0.07447	0.15274	0.09004	0.10266	0.05907
0.01275	0.01858	0.01943	0.0204	0.01267	0.00791	0.00356	0.0028	0.00373	0.00195	0.00153	0.00594	0.00948	0.00776	0.01308	0.04499	0.1066	0.16914	0.40418	0.56906	0.84099	0.98019	1	0.98201	0.77131	0.16346	0.09859	0.05444	0.06013	0.03913	0.05014	0.04751	0.03542	0.02507	0.02577	0.02008	0.02082	0.02877	0.01724	0.02137	0.01177	0.00978	0.01213	0.00445	0.00265	0.00434	0.01405	0.00265	0.00274	0.00923	0.00643	0.00297	0.00562	0.01318	0.0078	0.00691	0.01257	0.0129	0.00722	0.00813	0.01047	0.01099	0.01266	0.00997	0.00818	0.00787	0.0104	0.0094	0.00999	0.01316	0.00931	0.00969	0.0105	0.00782	0.00532	0.00871	0.00934	0.00434	0.00557	0.00783	0.00644	0.00687	0.00856	0.00814	0.00752	0.01145	0.01577	0.01458	0.01587	0.00953	0.01287	0.00387	0.00363	0.00742	0.01192	0.00496	0.00762	0.01072	0.00704	0.00534	0.00831	0.00729	0.01078	0.00932	0.00744	0.00762	0.00863	0.0101	0.00494	0.01018	0.01122	0.01393	0.01283	0.00993	0.00778	0.00864	0.01445	0.02587	0.03397	0.03248	0.03372	0.01706	0.02141	0.01604	0.0186	0.03204	0.02582	0.04196	0.02487	0.06581	0.11676	0.09243	0.08963	0.05657
0.01348	0.02245	0.02249	0.02399	0.01811	0.0153	0.00875	0.0065	0.00901	0.00994	0.00561	0.0127	0.03135	0.03049	0.03828	0.07491	0.14295	0.23405	0.43186	0.58456	0.47306	0.82418	0.98201	1	0.97952	0.76873	0.15851	0.10075	0.09747	0.07585	0.09631	0.06457	0.03903	0.03244	0.03246	0.02086	0.02387	0.03655	0.01874	0.02012	0.01323	0.01621	0.0162	0.00565	0.00481	0.00934	0.01044	0.00331	0.00373	0.01073	0.00607	0.00317	0.00594	0.01824	0.0106	0.01204	0.02662	0.02584	0.0118	0.01433	0.01941	0.01699	0.02739	0.01438	0.01174	0.00994	0.01238	0.01228	0.01121	0.01676	0.01158	0.01521	0.0199	0.01435	0.00847	0.01745	0.01461	0.00578	0.00713	0.00998	0.0075	0.00889	0.01088	0.01107	0.00939	0.01306	0.026	0.02272	0.02473	0.01934	0.0237	0.00621	0.00749	0.01854	0.02084	0.00801	0.01293	0.01791	0.01103	0.00916	0.01516	0.00957	0.01505	0.00965	0.00673	0.007	0.00925	0.01034	0.00482	0.00982	0.01005	0.0133	0.01295	0.01042	0.01095	0.01614	0.02765	0.04502	0.05132	0.03797	0.037	0.01423	0.01696	0.01311	0.01407	0.02873	0.02745	0.0597	0.03721	0.10554	0.17406	0.14015	0.13542	0.07011
0.01379	0.01737	0.01901	0.02234	0.01855	0.01591	0.01264	0.00931	0.0083	0.0083	0.00557	0.00783	0.00966	0.01185	0.03617	0.06388	0.09109	0.1826	0.41228	0.44339	0.18612	0.16446	0.77131	0.97952	1	0.97996	0.84282	0.19597	0.15236	0.14181	0.21521	0.1371	0.09257	0.06946	0.07267	0.04076	0.04414	0.0709	0.03749	0.03596	0.01951	0.02207	0.0307	0.0103	0.00799	0.01643	0.02107	0.00366	0.00493	0.01521	0.00826	0.00257	0.00561	0.01959	0.01325	0.01181	0.02483	0.01775	0.01121	0.01086	0.01372	0.01393	0.01772	0.01129	0.00988	0.00868	0.01159	0.01189	0.0121	0.01627	0.01012	0.01495	0.01888	0.01294	0.008	0.01892	0.02218	0.00749	0.00957	0.01569	0.01503	0.01147	0.01567	0.01775	0.01271	0.01386	0.0378	0.03865	0.03131	0.02038	0.03364	0.00796	0.0076	0.01711	0.02646	0.01176	0.01417	0.02329	0.01826	0.01044	0.01509	0.01371	0.01788	0.0135	0.00902	0.0086	0.01196	0.0119	0.00521	0.01211	0.01258	0.02049	0.02247	0.01799	0.02527	0.05516	0.07386	0.08405	0.06272	0.03994	0.03064	0.01506	0.01867	0.01637	0.01708	0.0388	0.03669	0.07371	0.05232	0.12055	0.13941	0.11139	0.09645	0.06421
0.01145	0.01658	0.01717	0.02937	0.02166	0.02864	0.02558	0.02546	0.02681	0.04038	0.03163	0.04306	0.02586	0.03597	0.14317	0.16908	0.13963	0.25516	0.45111	0.39183	0.12522	0.10314	0.16346	0.76873	0.97996	1	0.97807	0.83333	0.29357	0.26616	0.31633	0.16758	0.09799	0.0908	0.10347	0.05539	0.06679	0.10719	0.06258	0.06594	0.03364	0.0359	0.04031	0.01134	0.00775	0.01674	0.021	0.00401	0.00398	0.02128	0.01157	0.00449	0.00959	0.04278	0.02739	0.01921	0.03697	0.02384	0.01427	0.0153	0.01693	0.02	0.02385	0.01396	0.01491	0.01178	0.01914	0.01665	0.01595	0.01906	0.01117	0.01828	0.02709	0.02227	0.0103	0.02408	0.02778	0.00987	0.01061	0.02063	0.02169	0.01565	0.01786	0.01869	0.01195	0.01673	0.04133	0.03411	0.02569	0.01833	0.01942	0.00722	0.00812	0.01554	0.0212	0.01059	0.01404	0.01801	0.01455	0.01084	0.01635	0.01452	0.02234	0.01292	0.00931	0.00721	0.00831	0.00871	0.0048	0.0138	0.01439	0.02608	0.03569	0.03023	0.04094	0.05806	0.10741	0.06914	0.05098	0.04103	0.03628	0.01853	0.02542	0.0217	0.02068	0.05404	0.05282	0.10254	0.05736	0.11378	0.14694	0.10121	0.09847	0.05113
0.01001	0.01361	0.01388	0.02166	0.01896	0.02311	0.02533	0.02397	0.01765	0.01668	0.01501	0.01834	0.01214	0.01282	0.05721	0.07637	0.04717	0.12155	0.3036	0.1848	0.06917	0.07509	0.09859	0.15851	0.84282	0.97807	1	0.97524	0.683	0.38474	0.51767	0.19011	0.13718	0.10094	0.14349	0.07782	0.11705	0.19228	0.1042	0.09463	0.06951	0.08824	0.1032	0.02649	0.02818	0.03515	0.02549	0.00366	0.00498	0.01683	0.00802	0.0035	0.00694	0.0251	0.01785	0.01206	0.01982	0.01118	0.00731	0.00779	0.00909	0.01273	0.01492	0.00984	0.0096	0.0086	0.01069	0.00889	0.01074	0.01519	0.00917	0.0141	0.02094	0.01509	0.00902	0.01623	0.01819	0.00743	0.0094	0.01582	0.01842	0.01465	0.02131	0.01974	0.01084	0.01462	0.03767	0.03019	0.02895	0.02343	0.02584	0.01084	0.01686	0.02705	0.04097	0.01664	0.02206	0.02544	0.01705	0.01802	0.02931	0.02437	0.04055	0.02069	0.01122	0.01105	0.01446	0.01434	0.00734	0.02339	0.01951	0.03697	0.03774	0.03614	0.04665	0.04103	0.06581	0.03997	0.02964	0.0332	0.03332	0.01888	0.02154	0.0232	0.02215	0.04818	0.04934	0.07934	0.05108	0.08464	0.09075	0.08585	0.08383	0.06149
0.0084	0.01265	0.01435	0.02488	0.0219	0.03865	0.03538	0.03939	0.0268	0.02655	0.02391	0.03945	0.01448	0.02045	0.07738	0.09465	0.04259	0.07882	0.26917	0.11462	0.03773	0.05023	0.05444	0.10075	0.19597	0.83333	0.97524	1	0.98087	0.94448	0.57524	0.17482	0.10012	0.10929	0.11722	0.08516	0.12219	0.1754	0.07124	0.06597	0.05365	0.07122	0.07924	0.026	0.02433	0.04708	0.0287	0.00385	0.00622	0.02676	0.00828	0.00379	0.00831	0.02453	0.01339	0.0099	0.01774	0.00879	0.00715	0.00875	0.01087	0.01401	0.01532	0.01086	0.00993	0.00941	0.01225	0.00818	0.00915	0.01297	0.0089	0.01191	0.02094	0.01191	0.00826	0.02163	0.02882	0.01074	0.01467	0.02843	0.02795	0.02611	0.03252	0.03439	0.01666	0.0243	0.06411	0.04971	0.04608	0.03312	0.03766	0.01577	0.02293	0.04615	0.07747	0.0354	0.04677	0.05293	0.03834	0.03044	0.04887	0.04342	0.05236	0.04015	0.02279	0.02038	0.0256	0.0375	0.01159	0.03353	0.03721	0.07445	0.066	0.05842	0.1007	0.05414	0.08376	0.03641	0.04286	0.05808	0.06216	0.03236	0.03893	0.03613	0.03722	0.07504	0.06096	0.07686	0.03209	0.0552	0.06803	0.06304	0.06355	0.04554
0.00726	0.01019	0.01194	0.01743	0.01605	0.02639	0.02901	0.03045	0.02824	0.03337	0.03982	0.06233	0.02877	0.03473	0.1601	0.16131	0.06836	0.10116	0.2898	0.15931	0.0439	0.04958	0.06013	0.09747	0.15236	0.29357	0.683	0.98087	1	0.98401	0.76567	0.21535	0.15699	0.18131	0.21458	0.16664	0.23695	0.3361	0.10882	0.10578	0.07326	0.10655	0.11392	0.02827	0.01695	0.05447	0.03449	0.00364	0.00658	0.03554	0.01095	0.00381	0.01054	0.034	0.01706	0.01344	0.02908	0.0107	0.00962	0.01117	0.01371	0.0185	0.01481	0.0113	0.0083	0.00737	0.00981	0.00728	0.00778	0.01094	0.00654	0.0097	0.01544	0.0103	0.00702	0.01816	0.02478	0.00862	0.01012	0.02125	0.03165	0.02847	0.02572	0.02351	0.01248	0.01562	0.03391	0.0346	0.02559	0.02359	0.02691	0.01575	0.02518	0.04598	0.08336	0.04221	0.04138	0.0414	0.0233	0.0226	0.03405	0.02609	0.03025	0.0232	0.0141	0.01334	0.01783	0.02169	0.00978	0.02269	0.0258	0.05141	0.05075	0.03438	0.04319	0.02691	0.0406	0.02208	0.02619	0.05029	0.05812	0.04029	0.04725	0.04316	0.03904	0.08542	0.05518	0.05148	0.01883	0.03675	0.05504	0.05189	0.05248	0.04307
0.00794	0.0101	0.01097	0.01839	0.01524	0.02086	0.0157	0.0177	0.01287	0.00803	0.00755	0.01214	0.00691	0.00578	0.02458	0.03118	0.02	0.026	0.065	0.04743	0.02842	0.03089	0.03913	0.07585	0.14181	0.26616	0.38474	0.94448	0.98401	1	0.97912	0.80211	0.32118	0.39517	0.32745	0.23005	0.19524	0.26136	0.07583	0.05488	0.04124	0.04574	0.03395	0.01553	0.00752	0.01102	0.01001	0.00299	0.003	0.00804	0.0064	0.00259	0.00367	0.00846	0.00781	0.00575	0.00899	0.00577	0.00515	0.00572	0.00905	0.01501	0.01134	0.00678	0.00654	0.00583	0.00644	0.00495	0.00568	0.00739	0.00468	0.00626	0.0091	0.00722	0.00489	0.00873	0.01135	0.00601	0.00619	0.01045	0.01336	0.01546	0.01903	0.01975	0.01019	0.01346	0.01936	0.01722	0.01316	0.01373	0.01519	0.0108	0.01438	0.01518	0.01812	0.02064	0.01951	0.01591	0.01565	0.01704	0.02355	0.02421	0.02842	0.02071	0.01669	0.02038	0.01748	0.022	0.01211	0.02886	0.02472	0.03402	0.03025	0.02848	0.02909	0.01792	0.03838	0.02837	0.03158	0.04769	0.09053	0.05715	0.05609	0.05329	0.04398	0.06125	0.04428	0.03023	0.01457	0.02955	0.04384	0.04709	0.04588	0.0377
0.00855	0.01096	0.01046	0.01582	0.01336	0.01781	0.01416	0.01667	0.01202	0.00675	0.00888	0.01336	0.00711	0.00716	0.02276	0.03017	0.01793	0.02846	0.0745	0.05476	0.03478	0.04719	0.05014	0.09631	0.21521	0.31633	0.51767	0.57524	0.76567	0.97912	1	0.98129	0.91192	0.48059	0.28234	0.15325	0.14385	0.16602	0.05918	0.0407	0.02488	0.03155	0.0265	0.00994	0.00973	0.01564	0.00916	0.00315	0.00549	0.00908	0.00737	0.00373	0.00507	0.00951	0.01122	0.0079	0.01483	0.00908	0.00951	0.01047	0.01572	0.02236	0.01917	0.00879	0.00825	0.00744	0.00928	0.00583	0.00645	0.00908	0.00591	0.00815	0.01112	0.00787	0.0056	0.00893	0.01098	0.00627	0.00836	0.01317	0.01349	0.01636	0.02295	0.02351	0.01148	0.01315	0.01722	0.01384	0.01104	0.01367	0.01471	0.01013	0.01356	0.01127	0.01638	0.01448	0.01471	0.01137	0.01342	0.01769	0.02616	0.0223	0.03025	0.02342	0.01978	0.02103	0.0154	0.01883	0.01215	0.02168	0.01712	0.02138	0.01844	0.01779	0.02296	0.01744	0.02754	0.02816	0.03663	0.0428	0.07497	0.05034	0.04727	0.04001	0.03181	0.03181	0.02811	0.02073	0.01343	0.02714	0.03742	0.04094	0.03979	0.03155
0.00884	0.01269	0.01289	0.01505	0.01135	0.01522	0.01202	0.01591	0.01072	0.00652	0.01026	0.01774	0.00562	0.00648	0.02147	0.02599	0.01846	0.02765	0.06152	0.05622	0.03762	0.04979	0.04751	0.06457	0.1371	0.16758	0.19011	0.17482	0.21535	0.80211	0.98129	1	0.98456	0.68551	0.22321	0.11069	0.11718	0.09249	0.03479	0.02058	0.0147	0.02192	0.02009	0.00892	0.00642	0.01363	0.00893	0.00309	0.00483	0.00649	0.00452	0.00272	0.00361	0.00586	0.00517	0.00497	0.00887	0.0065	0.00574	0.00634	0.00806	0.01013	0.00825	0.00552	0.00526	0.00497	0.00604	0.00526	0.00583	0.00729	0.00663	0.00754	0.01128	0.00671	0.00583	0.00775	0.01008	0.00523	0.00574	0.00808	0.00623	0.00962	0.01127	0.01063	0.00645	0.00835	0.01033	0.00915	0.00872	0.01244	0.01161	0.00622	0.00942	0.00852	0.0107	0.0106	0.01109	0.01037	0.01305	0.0148	0.02405	0.02326	0.02712	0.02793	0.02583	0.02136	0.0161	0.0188	0.01413	0.02042	0.01506	0.01928	0.01864	0.01906	0.023	0.01627	0.03841	0.03286	0.03313	0.04451	0.07101	0.038	0.0359	0.03077	0.02535	0.02789	0.02388	0.02118	0.01517	0.03389	0.04577	0.04739	0.03206	0.03196
0.00891	0.00977	0.01063	0.01259	0.00978	0.01296	0.00927	0.01061	0.00816	0.00406	0.00601	0.01149	0.00814	0.00764	0.0205	0.02356	0.02358	0.02713	0.04412	0.03625	0.02591	0.03522	0.03542	0.03903	0.09257	0.09799	0.13718	0.10012	0.15699	0.32118	0.91192	0.98456	1	0.97845	0.85734	0.24036	0.42087	0.27443	0.04682	0.02189	0.01397	0.03006	0.02208	0.00931	0.00796	0.01034	0.00704	0.00333	0.00413	0.00492	0.00432	0.00297	0.00385	0.00434	0.00465	0.00393	0.00743	0.00497	0.00471	0.00527	0.00621	0.00601	0.0065	0.0042	0.0051	0.00423	0.00479	0.00456	0.00484	0.00657	0.00572	0.00734	0.00804	0.00591	0.00503	0.00607	0.00645	0.00424	0.00455	0.00556	0.00442	0.00654	0.00768	0.00793	0.00577	0.00659	0.0076	0.00809	0.00747	0.01088	0.0114	0.00754	0.00906	0.00725	0.01052	0.01637	0.01373	0.01158	0.01837	0.01921	0.02886	0.02413	0.03335	0.02619	0.02194	0.0224	0.01631	0.01884	0.01422	0.02307	0.01833	0.01978	0.02308	0.02522	0.03202	0.02878	0.08218	0.05303	0.04224	0.05325	0.10046	0.03731	0.03032	0.0288	0.02321	0.02317	0.02378	0.01981	0.01456	0.03293	0.04573	0.03547	0.02516	0.02626
0.00801	0.00922	0.00897	0.0115	0.00789	0.00997	0.00823	0.01101	0.0055	0.00324	0.00501	0.01004	0.006	0.00594	0.0157	0.01293	0.01327	0.0202	0.02112	0.02082	0.01994	0.03116	0.02507	0.03244	0.06946	0.0908	0.10094	0.10929	0.18131	0.39517	0.48059	0.68551	0.97845	1	0.98132	0.90214	0.73148	0.5258	0.05975	0.02356	0.01143	0.02073	0.0246	0.00561	0.00559	0.00968	0.00432	0.00276	0.00349	0.00392	0.00327	0.00251	0.00319	0.00387	0.00353	0.00429	0.00745	0.00503	0.00391	0.00518	0.00511	0.00516	0.00565	0.00432	0.00554	0.00477	0.00548	0.00426	0.00511	0.00638	0.00524	0.00561	0.00754	0.00513	0.0046	0.00623	0.00765	0.00401	0.00423	0.00583	0.00449	0.00663	0.00773	0.00809	0.006	0.00623	0.00685	0.00726	0.00728	0.01012	0.00851	0.00743	0.00931	0.0073	0.01035	0.02006	0.01324	0.01366	0.02189	0.02652	0.03507	0.0311	0.05126	0.0346	0.02828	0.03076	0.02301	0.01896	0.01468	0.02052	0.01395	0.01544	0.01787	0.01547	0.01629	0.01672	0.03538	0.03165	0.02656	0.02681	0.041	0.02236	0.01707	0.01551	0.01582	0.01539	0.01571	0.01409	0.01065	0.01693	0.01851	0.01404	0.01192	0.01412
0.00627	0.00743	0.00934	0.01096	0.0084	0.0127	0.00924	0.00991	0.00582	0.00399	0.00657	0.00876	0.00768	0.01047	0.02841	0.01682	0.017	0.02429	0.02905	0.01602	0.01707	0.02813	0.02577	0.03246	0.07267	0.10347	0.14349	0.11722	0.21458	0.32745	0.28234	0.22321	0.85734	0.98132	1	0.98422	0.88767	0.74669	0.25956	0.057	0.03303	0.05489	0.06068	0.01	0.0084	0.02747	0.01213	0.00495	0.00646	0.00832	0.00492	0.00278	0.00497	0.00726	0.00582	0.00536	0.01161	0.00584	0.00369	0.00461	0.00502	0.0049	0.00541	0.00475	0.00673	0.00482	0.00754	0.00717	0.00773	0.00949	0.00901	0.00797	0.00984	0.00726	0.0057	0.0082	0.01039	0.00393	0.00401	0.00531	0.00369	0.00667	0.00943	0.00765	0.00546	0.00771	0.00917	0.0073	0.00682	0.01103	0.00862	0.00549	0.00889	0.00916	0.01399	0.01384	0.01424	0.01641	0.03402	0.02574	0.03613	0.02718	0.05232	0.03227	0.01919	0.02572	0.02045	0.01665	0.0133	0.01981	0.01557	0.0182	0.02154	0.01865	0.02238	0.02053	0.05607	0.02989	0.02374	0.02986	0.03805	0.02048	0.02273	0.02203	0.02179	0.02448	0.01976	0.01643	0.01045	0.01615	0.01941	0.0122	0.01069	0.01263
0.00611	0.00667	0.00914	0.01415	0.00936	0.01188	0.00698	0.00991	0.00428	0.00268	0.00383	0.0058	0.00409	0.00591	0.0116	0.00744	0.00669	0.0168	0.01586	0.01144	0.01037	0.01954	0.02008	0.02086	0.04076	0.05539	0.07782	0.08516	0.16664	0.23005	0.15325	0.11069	0.24036	0.90214	0.98422	1	0.98313	0.89964	0.28457	0.14206	0.05034	0.05465	0.02338	0.00486	0.00473	0.00973	0.0045	0.0034	0.0036	0.00424	0.00331	0.00179	0.00294	0.00373	0.00422	0.00396	0.0056	0.00445	0.00299	0.00414	0.00453	0.0042	0.00559	0.00447	0.00618	0.0048	0.00627	0.00817	0.00989	0.00996	0.00827	0.00814	0.00851	0.00619	0.00591	0.00563	0.00646	0.0038	0.00417	0.00536	0.00372	0.00669	0.01094	0.00696	0.00575	0.00702	0.00926	0.00847	0.00688	0.01133	0.01216	0.00703	0.00705	0.0068	0.00902	0.01195	0.01268	0.01378	0.02248	0.01852	0.02366	0.01887	0.02739	0.02236	0.01766	0.01981	0.01598	0.01693	0.01445	0.02219	0.01532	0.01415	0.01446	0.01327	0.01378	0.01114	0.02025	0.02249	0.01519	0.01573	0.02322	0.01619	0.01561	0.01651	0.01654	0.01664	0.01651	0.01178	0.00867	0.01338	0.01533	0.01186	0.00895	0.01215
0.0053	0.00527	0.00759	0.01455	0.00964	0.01098	0.00721	0.00741	0.00534	0.00307	0.00431	0.00515	0.00519	0.00604	0.01215	0.00655	0.00818	0.02216	0.02139	0.01365	0.01411	0.02459	0.02082	0.02387	0.04414	0.06679	0.11705	0.12219	0.23695	0.19524	0.14385	0.11718	0.42087	0.73148	0.88767	0.98313	1	0.97848	0.84122	0.2686	0.11406	0.10987	0.05041	0.00417	0.00548	0.01156	0.00191	0.00204	0.00225	0.0019	0.0022	0.00156	0.00342	0.00388	0.00456	0.0036	0.0061	0.00337	0.00224	0.00244	0.00307	0.00309	0.00306	0.00306	0.00459	0.00355	0.0049	0.00461	0.00554	0.00687	0.00617	0.00681	0.00753	0.00506	0.00457	0.0055	0.00649	0.00384	0.00433	0.00633	0.00385	0.00605	0.00797	0.00608	0.00525	0.00588	0.00692	0.00811	0.00894	0.01379	0.0106	0.00748	0.00574	0.00571	0.00719	0.01295	0.01433	0.02156	0.03262	0.02766	0.04301	0.03211	0.03844	0.02521	0.02114	0.02628	0.02079	0.01908	0.02103	0.02877	0.01788	0.01645	0.01529	0.01194	0.01038	0.00822	0.0174	0.0156	0.01423	0.01255	0.01638	0.01278	0.01262	0.01205	0.01512	0.0143	0.01202	0.00965	0.00732	0.00928	0.01029	0.00951	0.00925	0.00955
0.00526	0.00516	0.00908	0.01562	0.01074	0.01595	0.01161	0.01762	0.01032	0.01038	0.02062	0.02862	0.01257	0.02637	0.10998	0.0287	0.02326	0.0943	0.10698	0.02602	0.03204	0.0594	0.02877	0.03655	0.0709	0.10719	0.19228	0.1754	0.3361	0.26136	0.16602	0.09249	0.27443	0.5258	0.74669	0.89964	0.97848	1	0.98125	0.82211	0.23422	0.67262	0.81301	0.02866	0.01671	0.12134	0.01349	0.00416	0.00666	0.00846	0.00365	0.00212	0.00714	0.00897	0.00378	0.00362	0.00654	0.0032	0.0022	0.00283	0.00284	0.00298	0.0032	0.00331	0.00411	0.00392	0.00553	0.00431	0.0051	0.00685	0.00651	0.00806	0.01325	0.00631	0.0062	0.00781	0.01259	0.00335	0.00355	0.00522	0.00337	0.00529	0.00714	0.00538	0.00538	0.00543	0.00706	0.00656	0.00637	0.00923	0.00743	0.00427	0.0069	0.01217	0.01101	0.01107	0.01922	0.03612	0.04712	0.03328	0.06517	0.0445	0.05509	0.02583	0.01529	0.02221	0.01937	0.01344	0.01127	0.01943	0.01718	0.01823	0.02176	0.01103	0.00988	0.00797	0.01973	0.0144	0.01824	0.02	0.0188	0.01387	0.01725	0.01486	0.01859	0.0244	0.01541	0.01249	0.00705	0.0114	0.01417	0.00997	0.00927	0.00807
