1	0.83233	0.66453	0.30743	0.49436	0.2568	0.08032	0.02488	0.0314	0.02032	0.01168	0.00813	0.00596	0.00586	0.00511	0.00427	0.00392	0.004	0.00385	0.00418	0.00331	0.00358	0.00451	0.00418	0.00431	0.00509	0.00625	0.00524	0.00614	0.00761	0.00926	0.00714	0.00713	0.01061	0.00921	0.00729	0.00775	0.00756	0.00678	0.0082	0.00816	0.00963	0.00982	0.00933	0.00976	0.0107	0.01129	0.01347	0.01611	0.01482	0.01663	0.01753	0.01815	0.01679	0.0184	0.01469	0.0124	0.01134	0.01028	0.01251	0.01301	0.01574	0.01615	0.01901	0.01849	0.01903	0.01655	0.01552	0.01395	0.01229	0.01271	0.01343	0.01337	0.01331	0.01535	0.0177	0.01649	0.01634	0.01659	0.02012	0.0169	0.01638	0.01582	0.01695	0.01644	0.01517	0.01672	0.01522	0.01436	0.0118	0.01245	0.00974	0.00927	0.00885	0.00838	0.00738	0.00897	0.01066	0.00803
0.83233	1	0.97703	0.94463	0.86961	0.90379	0.24339	0.03616	0.01679	0.02643	0.02855	0.00931	0.00764	0.00906	0.00753	0.00619	0.00727	0.00404	0.00344	0.00403	0.00422	0.00453	0.00686	0.00683	0.00537	0.00679	0.0093	0.00982	0.01061	0.01343	0.02313	0.0179	0.01054	0.02048	0.02351	0.01298	0.01129	0.01193	0.01208	0.01166	0.01337	0.01777	0.01781	0.01497	0.01469	0.01866	0.02068	0.02612	0.02803	0.02687	0.02506	0.02642	0.02752	0.02421	0.03154	0.02093	0.01613	0.01741	0.01506	0.01545	0.02081	0.02765	0.02591	0.02775	0.0275	0.02979	0.02284	0.02194	0.02152	0.01829	0.01645	0.01741	0.01882	0.01698	0.02117	0.02731	0.02516	0.0216	0.02484	0.03131	0.02231	0.02009	0.01985	0.02298	0.01953	0.01845	0.02196	0.01833	0.0167	0.01278	0.01263	0.01092	0.01103	0.00971	0.00967	0.00798	0.00889	0.00829	0.00686
0.66453	0.97703	1	0.996	0.98688	0.96569	0.93322	0.11047	0.01555	0.01089	0.01915	0.01041	0.00511	0.00923	0.00845	0.00488	0.00397	0.00397	0.00298	0.00336	0.00375	0.00406	0.00524	0.0045	0.00315	0.00348	0.00503	0.00603	0.00717	0.0085	0.02365	0.01601	0.01102	0.02066	0.02396	0.01435	0.01181	0.01241	0.01547	0.01614	0.01366	0.01962	0.01926	0.01397	0.01215	0.01459	0.0149	0.02212	0.02363	0.02484	0.02723	0.03368	0.0337	0.02491	0.047	0.02968	0.01977	0.02556	0.02157	0.01983	0.02213	0.03305	0.03039	0.02633	0.02662	0.03264	0.02456	0.01983	0.0218	0.02344	0.0196	0.01634	0.02026	0.02069	0.02299	0.03015	0.02952	0.02325	0.02545	0.03631	0.02627	0.02134	0.0213	0.03233	0.02552	0.01858	0.0275	0.02536	0.02416	0.01985	0.0214	0.01714	0.01664	0.01329	0.0113	0.00976	0.0117	0.01007	0.00737
0.30743	0.94463	0.996	1	0.99426	0.9871	0.97392	0.93663	0.13917	0.03171	0.01762	0.01037	0.00779	0.00886	0.00946	0.00533	0.00254	0.00294	0.00273	0.00306	0.00247	0.00339	0.00468	0.005	0.00436	0.00534	0.00649	0.00895	0.01135	0.0149	0.04379	0.03317	0.02229	0.03853	0.04086	0.03119	0.02761	0.02817	0.03772	0.03966	0.03417	0.05271	0.05856	0.0322	0.02789	0.03627	0.03211	0.03541	0.03597	0.04372	0.04255	0.05205	0.04879	0.03714	0.08297	0.06616	0.03556	0.04012	0.04437	0.02862	0.02778	0.04663	0.04787	0.04083	0.04085	0.04871	0.04465	0.03019	0.03896	0.054	0.0395	0.02799	0.03929	0.05026	0.04371	0.0544	0.06436	0.04135	0.04529	0.06807	0.05525	0.03082	0.03274	0.06003	0.04822	0.02628	0.03788	0.03692	0.02779	0.02622	0.03109	0.02872	0.02266	0.02037	0.01724	0.01379	0.01653	0.01633	0.01
0.49436	0.86961	0.98688	0.99426	1	0.99604	0.99122	0.96069	0.88775	0.18941	0.0446	0.01826	0.02262	0.01932	0.01642	0.00785	0.0029	0.00313	0.00295	0.0032	0.00186	0.00187	0.00299	0.00314	0.00303	0.0049	0.00675	0.0138	0.01618	0.02256	0.10283	0.07198	0.02821	0.05167	0.05665	0.03779	0.02934	0.03547	0.04454	0.04208	0.03273	0.0568	0.06931	0.02973	0.02202	0.03922	0.03633	0.03028	0.02411	0.03284	0.0338	0.03932	0.04007	0.03131	0.07885	0.07399	0.0371	0.03936	0.05467	0.03032	0.02718	0.04922	0.05538	0.0354	0.02767	0.03805	0.04702	0.02819	0.04264	0.07654	0.0522	0.02722	0.04741	0.06391	0.05022	0.05404	0.07329	0.03895	0.03571	0.05983	0.06084	0.02894	0.02846	0.06111	0.05211	0.02455	0.03318	0.03162	0.02583	0.02115	0.03142	0.02983	0.02867	0.02228	0.02057	0.01612	0.01526	0.01583	0.00796
0.2568	0.90379	0.96569	0.9871	0.99604	1	0.9969	0.98968	0.94207	0.91102	0.40545	0.07039	0.02421	0.05435	0.03042	0.01095	0.00431	0.00417	0.00209	0.00386	0.00132	0.00119	0.00223	0.00237	0.0022	0.00448	0.00755	0.02619	0.0177	0.01814	0.11342	0.09719	0.02551	0.04415	0.0556	0.03241	0.01823	0.02893	0.04682	0.03965	0.02513	0.05259	0.07516	0.03408	0.0253	0.04435	0.05637	0.04538	0.0246	0.03456	0.04363	0.06833	0.04161	0.03547	0.14438	0.08822	0.04191	0.06052	0.08318	0.04318	0.03443	0.05701	0.05682	0.03228	0.02509	0.03286	0.0432	0.02371	0.03074	0.06595	0.04294	0.0239	0.03572	0.04932	0.03909	0.03856	0.05591	0.03068	0.03106	0.04456	0.05046	0.02707	0.02676	0.06014	0.04926	0.02542	0.03526	0.02965	0.02536	0.02087	0.0268	0.02283	0.02185	0.01596	0.01514	0.01418	0.01385	0.01128	0.00586
0.08032	0.24339	0.93322	0.97392	0.99122	0.9969	1	0.99761	0.98793	0.95924	0.93071	0.09672	0.01915	0.01337	0.0325	0.01247	0.00312	0.00232	0.00171	0.00215	0.00114	0.00103	0.002	0.0016	0.00142	0.00289	0.00443	0.00996	0.01059	0.00995	0.03647	0.04268	0.01361	0.01602	0.02536	0.0199	0.01047	0.01272	0.03266	0.03208	0.01812	0.04486	0.0658	0.03198	0.02659	0.05208	0.04825	0.04186	0.02207	0.02622	0.02776	0.04475	0.03187	0.01997	0.08405	0.06318	0.02248	0.03654	0.06825	0.03406	0.03246	0.05778	0.05248	0.02639	0.02568	0.03469	0.04151	0.02005	0.03027	0.06462	0.03311	0.01928	0.03632	0.05109	0.03104	0.03747	0.06254	0.03269	0.03082	0.04708	0.05227	0.02217	0.02252	0.05375	0.04242	0.02134	0.02862	0.02211	0.01887	0.0154	0.0206	0.01629	0.01673	0.01328	0.01362	0.01273	0.01394	0.01123	0.00485
0.02488	0.03616	0.11047	0.93663	0.96069	0.98968	0.99761	1	0.99857	0.99434	0.96782	0.92434	0.06805	0.01199	0.01245	0.01531	0.00336	0.00348	0.00263	0.00243	0.00083	0.00117	0.00234	0.00229	0.00321	0.00664	0.01	0.01725	0.01576	0.0165	0.05816	0.05368	0.01561	0.02804	0.03498	0.0361	0.01503	0.01504	0.03609	0.0361	0.01814	0.0373	0.07738	0.03337	0.03887	0.0965	0.07968	0.05492	0.02879	0.03302	0.02772	0.03473	0.02384	0.01613	0.06107	0.05154	0.02112	0.02845	0.07154	0.0326	0.03141	0.06431	0.05328	0.02386	0.02063	0.03543	0.04813	0.01824	0.02895	0.08059	0.03515	0.01776	0.04152	0.06846	0.03352	0.03893	0.0766	0.03704	0.02671	0.045	0.06403	0.02339	0.02019	0.0623	0.04721	0.02103	0.03057	0.02186	0.01669	0.01309	0.01843	0.01653	0.01608	0.0137	0.01484	0.01349	0.0146	0.01306	0.0054
0.0314	0.01679	0.01555	0.13917	0.88775	0.94207	0.98793	0.99857	1	0.99847	0.9903	0.96585	0.95252	0.043	0.01073	0.00541	0.00452	0.00282	0.00362	0.00317	8e-04	0.00103	0.00327	0.00345	0.00537	0.0137	0.02861	0.07038	0.05258	0.04166	0.17074	0.12287	0.02274	0.03984	0.0512	0.03889	0.01683	0.01839	0.04576	0.03508	0.01975	0.05078	0.10478	0.04713	0.06217	0.1796	0.18004	0.14507	0.05186	0.04964	0.05037	0.06049	0.02836	0.01835	0.07203	0.04837	0.02054	0.03117	0.06946	0.03398	0.03592	0.0643	0.06714	0.03072	0.02017	0.03363	0.0503	0.0204	0.03043	0.08592	0.03875	0.01903	0.04386	0.06873	0.03522	0.0367	0.06631	0.03185	0.02583	0.04064	0.05594	0.02375	0.02004	0.06214	0.04869	0.02298	0.03233	0.02495	0.01805	0.01305	0.02003	0.01836	0.01864	0.01425	0.01644	0.01435	0.0141	0.01482	0.00649
0.02032	0.02643	0.01089	0.03171	0.18941	0.91102	0.95924	0.99434	0.99847	1	0.99861	0.99442	0.98912	0.96124	0.03824	0.00697	0.00359	0.00468	0.00322	0.00354	0.00098	0.00081	0.00166	0.00216	0.00283	0.00366	0.00649	0.02601	0.02742	0.02092	0.08897	0.08528	0.01557	0.02146	0.02583	0.02351	0.01051	0.0117	0.03091	0.02425	0.0148	0.03763	0.08376	0.03522	0.04838	0.17112	0.27582	0.25985	0.08454	0.06261	0.06213	0.07691	0.02744	0.01349	0.09075	0.06246	0.01723	0.02795	0.0616	0.02083	0.02241	0.04381	0.04673	0.0261	0.0212	0.02891	0.04691	0.01624	0.02785	0.07087	0.02982	0.01567	0.03876	0.05431	0.02977	0.03652	0.06225	0.02442	0.02856	0.04478	0.05543	0.02374	0.01697	0.05475	0.04424	0.01962	0.02756	0.02413	0.01539	0.01128	0.01825	0.01672	0.01827	0.01431	0.01657	0.0133	0.01417	0.01381	0.00655
0.01168	0.02855	0.01915	0.01762	0.0446	0.40545	0.93071	0.96782	0.9903	0.99861	1	0.99874	0.99542	0.98224	0.96104	0.03333	0.00658	0.00408	0.00409	0.00614	0.0014	0.00208	0.00249	0.00172	0.00212	0.00239	0.00393	0.01132	0.01236	0.01158	0.03619	0.03323	0.00845	0.01345	0.02422	0.02137	0.01117	0.0112	0.0296	0.02314	0.01184	0.02011	0.0441	0.01822	0.02427	0.0741	0.19027	0.32751	0.15624	0.09363	0.06394	0.06298	0.01944	0.00934	0.05854	0.05004	0.0144	0.02135	0.05742	0.01868	0.02267	0.0446	0.04871	0.02227	0.02156	0.02561	0.04306	0.01494	0.02637	0.09578	0.03668	0.01709	0.04975	0.07885	0.03451	0.03497	0.08245	0.02441	0.02209	0.04251	0.06008	0.02274	0.01586	0.04762	0.04524	0.02026	0.02438	0.01914	0.01245	0.00979	0.01619	0.01493	0.01708	0.01313	0.01587	0.01311	0.01525	0.0152	0.0072
0.00813	0.00931	0.01041	0.01037	0.01826	0.07039	0.09672	0.92434	0.96585	0.99442	0.99874	1	0.99868	0.99361	0.98689	0.95833	0.02162	0.00415	0.00323	0.00632	0.00273	0.00441	0.01245	0.00854	0.01084	0.01312	0.0299	0.09943	0.06232	0.0379	0.11953	0.10574	0.01881	0.03075	0.03854	0.03797	0.01997	0.01613	0.03944	0.03344	0.01783	0.03551	0.07436	0.02776	0.04208	0.08169	0.15662	0.35441	0.23032	0.14803	0.1256	0.11285	0.03016	0.0149	0.07226	0.04754	0.01501	0.02049	0.05039	0.01797	0.02362	0.03827	0.04854	0.02476	0.02141	0.02591	0.04211	0.01736	0.02283	0.07065	0.0337	0.01613	0.03675	0.05799	0.02585	0.02636	0.06362	0.02249	0.01906	0.03344	0.05542	0.02351	0.01757	0.05034	0.05083	0.02459	0.02791	0.02334	0.01379	0.01037	0.01907	0.01636	0.01773	0.01344	0.01439	0.01234	0.01515	0.01501	0.00761
0.00596	0.00764	0.00511	0.00779	0.02262	0.02421	0.01915	0.06805	0.95252	0.98912	0.99542	0.99868	1	0.99911	0.99683	0.98947	0.96553	0.02195	0.00515	0.00391	0.00305	0.00489	0.01418	0.02052	0.02241	0.02138	0.05164	0.18125	0.13109	0.06036	0.22432	0.25697	0.04749	0.06567	0.06152	0.05763	0.03458	0.02932	0.07584	0.05284	0.0474	0.10895	0.18372	0.05545	0.11248	0.16414	0.17987	0.34712	0.24959	0.16285	0.21248	0.30277	0.07032	0.0374	0.17022	0.09746	0.02106	0.02231	0.04725	0.01329	0.01789	0.03602	0.04138	0.02315	0.02558	0.03012	0.0414	0.01637	0.02001	0.05852	0.02449	0.01376	0.03114	0.04503	0.02349	0.02868	0.05157	0.02146	0.02049	0.03413	0.0595	0.02769	0.01856	0.05452	0.05464	0.02631	0.02798	0.02392	0.01495	0.01164	0.02221	0.01904	0.01934	0.01476	0.01627	0.01225	0.01469	0.01495	0.00732
0.00586	0.00906	0.00923	0.00886	0.01932	0.05435	0.01337	0.01199	0.043	0.96124	0.98224	0.99361	0.99911	1	0.99909	0.99747	0.98836	0.96405	0.02872	0.00585	0.00255	0.00361	0.01435	0.01437	0.0151	0.0098	0.01236	0.04499	0.03876	0.01866	0.05941	0.09271	0.02373	0.03532	0.0339	0.03185	0.02145	0.02195	0.04426	0.02719	0.02447	0.03987	0.06928	0.01959	0.02787	0.05081	0.05253	0.09393	0.07927	0.05795	0.0923	0.16536	0.05306	0.02597	0.10888	0.07285	0.01758	0.01919	0.04228	0.01239	0.0165	0.04505	0.04324	0.01909	0.02143	0.03293	0.0425	0.01445	0.02076	0.06671	0.02382	0.01225	0.03422	0.04825	0.01885	0.02398	0.04997	0.01877	0.0171	0.03285	0.06291	0.02421	0.01634	0.05174	0.05393	0.02186	0.02442	0.01858	0.01407	0.00916	0.018	0.01602	0.01813	0.01355	0.01458	0.01245	0.01489	0.01505	0.00758
0.00511	0.00753	0.00845	0.00946	0.01642	0.03042	0.0325	0.01245	0.01073	0.03824	0.96104	0.98689	0.99683	0.99909	1	0.99924	0.99688	0.98927	0.95823	0.02832	0.00427	0.0046	0.01416	0.02969	0.02297	0.01834	0.02033	0.04174	0.03099	0.01224	0.03852	0.05727	0.01337	0.02169	0.03161	0.02737	0.01832	0.01718	0.03689	0.01927	0.01604	0.02227	0.03318	0.01059	0.01254	0.01808	0.02002	0.0279	0.02312	0.02882	0.04718	0.06458	0.02461	0.01917	0.07296	0.05125	0.01169	0.0159	0.03872	0.01145	0.01534	0.037	0.04487	0.01756	0.01838	0.02993	0.04279	0.0149	0.02003	0.05159	0.02316	0.01076	0.02607	0.04182	0.0161	0.01833	0.03873	0.01855	0.01596	0.02406	0.04256	0.02263	0.01446	0.04545	0.05235	0.01721	0.02053	0.01672	0.01103	0.00836	0.0166	0.01336	0.01536	0.01246	0.01271	0.01175	0.01427	0.01367	0.00702
0.00427	0.00619	0.00488	0.00533	0.00785	0.01095	0.01247	0.01531	0.00541	0.00697	0.03333	0.95833	0.98947	0.99747	0.99924	1	0.99939	0.99774	0.99007	0.95081	0.06138	0.0192	0.04439	0.06843	0.08761	0.04802	0.09348	0.23026	0.14575	0.03296	0.162	0.27461	0.04795	0.07157	0.06281	0.06521	0.04507	0.04591	0.05877	0.03852	0.04767	0.0781	0.08235	0.0267	0.05133	0.09023	0.06833	0.09588	0.07844	0.06236	0.11703	0.18329	0.04132	0.02762	0.11863	0.07266	0.01326	0.01797	0.04116	0.01124	0.01608	0.03377	0.03675	0.0187	0.02007	0.02852	0.04065	0.01899	0.02551	0.05666	0.02504	0.01248	0.02486	0.04224	0.02076	0.02006	0.03699	0.02349	0.02097	0.02773	0.04642	0.03304	0.01899	0.05232	0.06942	0.02182	0.02548	0.02204	0.01336	0.01086	0.0205	0.01593	0.01826	0.01597	0.01598	0.01385	0.01486	0.01517	0.00749
0.00392	0.00727	0.00397	0.00254	0.0029	0.00431	0.00312	0.00336	0.00452	0.00359	0.00658	0.02162	0.96553	0.98836	0.99688	0.99939	1	0.99921	0.99695	0.98983	0.92799	0.12994	0.11166	0.12611	0.11305	0.07017	0.0818	0.20159	0.14973	0.04215	0.1358	0.25381	0.07773	0.10488	0.07264	0.06472	0.05792	0.06896	0.05767	0.04193	0.06253	0.07257	0.07047	0.02434	0.03747	0.06882	0.05109	0.06112	0.06526	0.04444	0.08716	0.16578	0.04709	0.0252	0.09816	0.07143	0.01621	0.01713	0.0324	0.01314	0.01484	0.02862	0.02781	0.01474	0.01774	0.0226	0.02633	0.01598	0.02225	0.04571	0.02269	0.01316	0.01942	0.02286	0.01906	0.01761	0.02584	0.0186	0.01921	0.02775	0.03209	0.02961	0.01872	0.04196	0.06064	0.02539	0.02875	0.0271	0.01846	0.01339	0.02441	0.01916	0.02045	0.01721	0.01862	0.01703	0.01796	0.01932	0.0096
0.004	0.00404	0.00397	0.00294	0.00313	0.00417	0.00232	0.00348	0.00282	0.00468	0.00408	0.00415	0.02195	0.96405	0.98927	0.99774	0.99921	1	0.99919	0.99351	0.9588	0.67073	0.28937	0.16407	0.12488	0.06582	0.04606	0.07231	0.06916	0.02208	0.07153	0.09759	0.03532	0.05238	0.03785	0.03186	0.02121	0.02631	0.02543	0.01517	0.01501	0.01595	0.01302	0.00576	0.00638	0.0109	0.0079	0.00874	0.01067	0.01017	0.01321	0.02332	0.01239	0.00959	0.02945	0.02085	0.00729	0.01	0.02117	0.00919	0.00862	0.02122	0.02039	0.0123	0.01238	0.01881	0.02354	0.01552	0.02001	0.04031	0.01929	0.01105	0.01811	0.01803	0.01525	0.01617	0.02337	0.01679	0.01251	0.01552	0.01856	0.01911	0.01267	0.02633	0.03589	0.01366	0.01944	0.01688	0.01406	0.01199	0.02078	0.01617	0.01746	0.01632	0.01456	0.01516	0.01442	0.01438	0.00781
0.00385	0.00344	0.00298	0.00273	0.00295	0.00209	0.00171	0.00263	0.00362	0.00322	0.00409	0.00323	0.00515	0.02872	0.95823	0.99007	0.99695	0.99919	1	0.99834	0.98631	0.81166	0.572	0.25898	0.16571	0.07029	0.05848	0.06079	0.04591	0.02468	0.07886	0.06067	0.01979	0.02541	0.01954	0.01366	0.01217	0.01241	0.01145	0.0071	0.00878	0.01041	0.00651	0.00487	0.00895	0.01054	0.00751	0.0093	0.00909	0.00693	0.01285	0.01301	0.0068	0.00857	0.01834	0.01264	0.00541	0.00678	0.00964	0.00902	0.00612	0.01076	0.01475	0.01219	0.01382	0.01827	0.0201	0.01432	0.01779	0.02694	0.01839	0.01101	0.01405	0.01615	0.01378	0.01378	0.01482	0.01693	0.0197	0.01458	0.01455	0.01898	0.0119	0.01856	0.03489	0.01666	0.02091	0.02074	0.01965	0.01975	0.02485	0.02196	0.02156	0.01928	0.0178	0.01715	0.01605	0.01438	0.00825
0.00418	0.00403	0.00336	0.00306	0.0032	0.00386	0.00215	0.00243	0.00317	0.00354	0.00614	0.00632	0.00391	0.00585	0.02832	0.95081	0.98983	0.99351	0.99834	1	0.9981	0.94304	0.72344	0.58221	0.32526	0.12606	0.13595	0.19988	0.133	0.04959	0.20243	0.17586	0.03853	0.05404	0.04075	0.02987	0.02077	0.03561	0.02371	0.01679	0.02085	0.03076	0.0219	0.0124	0.01805	0.0521	0.02236	0.02684	0.03412	0.02305	0.02767	0.03478	0.01291	0.01068	0.02968	0.01671	0.0083	0.00916	0.0131	0.01671	0.01045	0.01445	0.01876	0.01597	0.01722	0.0216	0.02736	0.02352	0.03063	0.04426	0.02474	0.01568	0.01913	0.01994	0.02755	0.02437	0.02242	0.02191	0.02361	0.02353	0.02001	0.03445	0.01821	0.03296	0.05196	0.02068	0.03541	0.03197	0.02427	0.01967	0.03126	0.02448	0.02571	0.02675	0.02478	0.02356	0.02097	0.01979	0.01127
0.00331	0.00422	0.00375	0.00247	0.00186	0.00132	0.00114	0.00083	8e-04	0.00098	0.0014	0.00273	0.00305	0.00255	0.00427	0.06138	0.92799	0.9588	0.98631	0.9981	1	0.99725	0.97627	0.69693	0.57379	0.11421	0.07461	0.09693	0.05412	0.03093	0.06389	0.04536	0.01839	0.01601	0.01091	0.00825	0.00648	0.00825	0.00802	0.00561	0.00518	0.00616	0.00808	0.00449	0.00399	0.0071	0.00619	0.0048	0.00734	0.00625	0.00646	0.00915	0.005	0.00397	0.00702	0.006	0.00355	0.00455	0.00367	0.0047	0.00386	0.00684	0.0077	0.00927	0.01008	0.01357	0.01478	0.01374	0.01782	0.02177	0.01438	0.00862	0.01115	0.01183	0.01267	0.01394	0.01507	0.01243	0.01034	0.01255	0.01214	0.0161	0.01082	0.01775	0.02786	0.01488	0.02231	0.02492	0.02141	0.01569	0.02252	0.02616	0.02547	0.02856	0.02392	0.02022	0.01864	0.01678	0.00916
0.00358	0.00453	0.00406	0.00339	0.00187	0.00119	0.00103	0.00117	0.00103	0.00081	0.00208	0.00441	0.00489	0.00361	0.0046	0.0192	0.12994	0.67073	0.81166	0.94304	0.99725	1	0.99554	0.93014	0.61985	0.31365	0.13173	0.10542	0.05507	0.04569	0.10223	0.02149	0.01027	0.01341	0.00686	0.00477	0.00559	0.00512	0.0049	0.00515	0.0035	0.00384	0.00469	0.00468	0.0034	0.00504	0.00493	0.00467	0.00455	0.00454	0.00444	0.0055	0.00302	0.00294	0.00411	0.00347	0.00387	0.00378	0.00274	0.00443	0.00454	0.00728	0.00809	0.0103	0.01111	0.01265	0.01043	0.01069	0.01282	0.01682	0.01276	0.00583	0.00636	0.00943	0.01215	0.01063	0.00963	0.01556	0.01273	0.01091	0.00859	0.02145	0.01489	0.01729	0.02666	0.01728	0.02644	0.01843	0.01955	0.0154	0.01752	0.02156	0.02349	0.02472	0.01892	0.017	0.01653	0.01471	0.00789
0.00451	0.00686	0.00524	0.00468	0.00299	0.00223	0.002	0.00234	0.00327	0.00166	0.00249	0.01245	0.01418	0.01435	0.01416	0.04439	0.11166	0.28937	0.572	0.72344	0.97627	0.99554	1	0.99422	0.93872	0.52092	0.46891	0.27021	0.06405	0.0454	0.17756	0.03433	0.00821	0.01305	0.00801	0.00333	0.00374	0.00476	0.00324	0.00523	0.00326	0.00383	0.00557	0.00452	0.00322	0.00529	0.00555	0.00474	0.00676	0.00458	0.00325	0.00447	0.0028	0.00242	0.00356	0.00338	0.00303	0.0032	0.00289	0.00559	0.00467	0.00849	0.0115	0.01221	0.01516	0.01575	0.01615	0.01513	0.02019	0.02893	0.02033	0.00915	0.00657	0.00794	0.01274	0.01216	0.01013	0.01183	0.01382	0.01031	0.0093	0.01494	0.01601	0.0223	0.02587	0.01525	0.02957	0.02172	0.02095	0.01853	0.02114	0.02391	0.02566	0.02763	0.0227	0.02011	0.01971	0.01637	0.00886
0.00418	0.00683	0.0045	0.005	0.00314	0.00237	0.0016	0.00229	0.00345	0.00216	0.00172	0.00854	0.02052	0.01437	0.02969	0.06843	0.12611	0.16407	0.25898	0.58221	0.69693	0.93014	0.99422	1	0.9926	0.92159	0.6075	0.65916	0.10132	0.0382	0.0813	0.02758	0.0098	0.01021	0.00724	0.00331	0.00313	0.00459	0.00223	0.00412	0.00269	0.00323	0.00647	0.00793	0.00283	0.00519	0.00681	0.00574	0.00621	0.00566	0.00389	0.00361	0.00254	0.00271	0.00351	0.00282	0.00265	0.00284	0.00224	0.00544	0.00523	0.0071	0.00881	0.01098	0.01332	0.01437	0.01143	0.01215	0.01596	0.0177	0.01504	0.00877	0.00756	0.00688	0.00964	0.00928	0.00962	0.01085	0.00968	0.01141	0.00845	0.01534	0.01233	0.02128	0.03014	0.01819	0.02486	0.02246	0.03019	0.0217	0.02345	0.02974	0.02702	0.02691	0.02118	0.0162	0.01522	0.01442	0.0082
0.00431	0.00537	0.00315	0.00436	0.00303	0.0022	0.00142	0.00321	0.00537	0.00283	0.00212	0.01084	0.02241	0.0151	0.02297	0.08761	0.11305	0.12488	0.16571	0.32526	0.57379	0.61985	0.93872	0.9926	1	0.99707	0.973	0.87608	0.54754	0.09018	0.06776	0.01937	0.01597	0.02176	0.01029	0.00677	0.00651	0.00442	0.00285	0.00488	0.00321	0.00601	0.01216	0.00653	0.00348	0.00504	0.01071	0.0039	0.00581	0.00674	0.00338	0.00215	0.00196	0.00163	0.00239	0.00207	0.00177	0.00383	0.00314	0.00433	0.00383	0.00891	0.0139	0.01414	0.01469	0.0245	0.02674	0.01651	0.02554	0.03493	0.01681	0.00838	0.01011	0.01341	0.01146	0.00829	0.01194	0.01391	0.01226	0.01192	0.01124	0.02103	0.01627	0.02631	0.03666	0.02294	0.02838	0.02731	0.02784	0.02201	0.02483	0.02897	0.02718	0.02766	0.02123	0.01595	0.01684	0.01686	0.00998
0.00509	0.00679	0.00348	0.00534	0.0049	0.00448	0.00289	0.00664	0.0137	0.00366	0.00239	0.01312	0.02138	0.0098	0.01834	0.04802	0.07017	0.06582	0.07029	0.12606	0.11421	0.31365	0.52092	0.92159	0.99707	1	0.99854	0.98996	0.7632	0.76544	0.10486	0.00679	0.00354	0.00915	0.00611	0.00269	0.00435	0.00272	0.00135	0.00255	0.00176	0.00337	0.0074	0.00373	0.00205	0.00293	0.00479	0.00338	0.00405	0.00358	0.00276	0.0024	0.00212	0.00126	0.00134	0.00219	0.00154	0.00232	0.00236	0.00308	0.00308	0.00517	0.00983	0.01101	0.01144	0.01713	0.01793	0.01073	0.01288	0.01766	0.01423	0.00906	0.00629	0.00774	0.01077	0.00721	0.01052	0.01002	0.01362	0.01007	0.00726	0.01324	0.0168	0.02116	0.0288	0.02134	0.03125	0.02619	0.02597	0.02282	0.0276	0.02717	0.02725	0.02796	0.02445	0.01893	0.01935	0.01914	0.01152
0.00625	0.0093	0.00503	0.00649	0.00675	0.00755	0.00443	0.01	0.02861	0.00649	0.00393	0.0299	0.05164	0.01236	0.02033	0.09348	0.0818	0.04606	0.05848	0.13595	0.07461	0.13173	0.46891	0.6075	0.973	0.99854	1	0.99896	0.99272	0.97474	0.95497	0.02884	0.00491	0.00446	0.00653	0.00379	0.0028	0.00378	0.00172	0.00203	0.00143	0.00246	0.00417	0.00246	0.0013	0.00332	0.00752	0.00364	0.00494	0.00579	0.00464	0.00386	0.0028	0.00253	0.00187	0.00268	0.00247	0.00222	0.0025	0.00271	0.00318	0.00717	0.00795	0.00876	0.00876	0.01577	0.01233	0.00975	0.01383	0.01547	0.01127	0.0114	0.0098	0.00692	0.00949	0.00874	0.01258	0.00734	0.01221	0.01182	0.01037	0.01058	0.01337	0.02638	0.02961	0.01829	0.02952	0.02601	0.023	0.0222	0.02467	0.02502	0.02225	0.02178	0.01819	0.01416	0.01553	0.01532	0.00938
0.00524	0.00982	0.00603	0.00895	0.0138	0.02619	0.00996	0.01725	0.07038	0.02601	0.01132	0.09943	0.18125	0.04499	0.04174	0.23026	0.20159	0.07231	0.06079	0.19988	0.09693	0.10542	0.27021	0.65916	0.87608	0.98996	0.99896	1	0.99928	0.99759	0.98793	0.9742	0.0268	0.00714	0.00501	0.00742	0.00436	0.00295	0.00382	0.00339	0.00119	0.00307	0.00777	0.00355	0.00143	0.00706	0.01025	0.00238	0.00299	0.00837	0.00287	0.00302	0.00208	0.00213	0.00318	0.00397	0.00327	0.00297	0.00772	0.00341	0.00396	0.01444	0.02252	0.01231	0.01438	0.04221	0.0413	0.01496	0.03585	0.05312	0.01422	0.01104	0.01622	0.01055	0.00561	0.00737	0.01201	0.00469	0.00427	0.0078	0.01225	0.00891	0.00648	0.02197	0.03763	0.01224	0.02239	0.02414	0.01955	0.01692	0.02232	0.01794	0.01697	0.01588	0.01485	0.01331	0.01494	0.01579	0.00952
0.00614	0.01061	0.00717	0.01135	0.01618	0.0177	0.01059	0.01576	0.05258	0.02742	0.01236	0.06232	0.13109	0.03876	0.03099	0.14575	0.14973	0.06916	0.04591	0.133	0.05412	0.05507	0.06405	0.10132	0.54754	0.7632	0.99272	0.99928	1	0.99932	0.99704	0.98847	0.9722	0.04716	0.00835	0.01067	0.01238	0.00684	0.00587	0.00853	0.00331	0.00224	0.01037	0.00673	0.00169	0.00765	0.01095	0.00316	0.00463	0.00971	0.00575	0.00453	0.00349	0.00397	0.00617	0.01285	0.00541	0.00344	0.01053	0.00771	0.00483	0.01839	0.04091	0.01896	0.01375	0.04148	0.04972	0.01756	0.02834	0.05679	0.01972	0.00858	0.01333	0.01381	0.00882	0.00816	0.01195	0.00659	0.00658	0.00641	0.01106	0.01953	0.0071	0.01582	0.0265	0.01351	0.02218	0.02781	0.02142	0.01915	0.02636	0.02343	0.02108	0.02091	0.01973	0.01714	0.01955	0.02267	0.01397
0.00761	0.01343	0.0085	0.0149	0.02256	0.01814	0.00995	0.0165	0.04166	0.02092	0.01158	0.0379	0.06036	0.01866	0.01224	0.03296	0.04215	0.02208	0.02468	0.04959	0.03093	0.04569	0.0454	0.0382	0.09018	0.76544	0.97474	0.99759	0.99932	1	0.99879	0.99467	0.99114	0.97665	0.0282	0.00835	0.00415	0.00415	0.00398	0.00284	0.00209	0.00169	0.0021	0.00245	0.00073	0.00156	0.00265	0.00212	0.00294	0.0026	0.00191	0.00125	0.00117	0.00148	0.00164	0.00339	0.00188	0.00128	0.00287	0.00235	0.002	0.004	0.00806	0.00662	0.00558	0.00964	0.01072	0.00699	0.01126	0.01097	0.00738	0.00453	0.00567	0.00436	0.00424	0.00535	0.00482	0.00314	0.00571	0.00452	0.00479	0.00627	0.00641	0.00705	0.00917	0.00654	0.01215	0.01596	0.01418	0.01238	0.01614	0.01657	0.0167	0.01582	0.01525	0.01306	0.01442	0.01682	0.01113
0.00926	0.02313	0.02365	0.04379	0.10283	0.11342	0.03647	0.05816	0.17074	0.08897	0.03619	0.11953	0.22432	0.05941	0.03852	0.162	0.1358	0.07153	0.07886	0.20243	0.06389	0.10223	0.17756	0.0813	0.06776	0.10486	0.95497	0.98793	0.99704	0.99879	1	0.99687	0.99153	0.98403	0.94813	0.02431	0.00493	0.00234	0.00597	0.00431	0.0013	0.00329	0.00316	0.00109	0.00103	0.00586	0.00515	0.00303	0.00876	0.01037	0.00253	0.00218	0.00233	0.00593	0.00254	0.00351	0.0029	0.00227	0.00675	0.00295	0.00251	0.00874	0.01241	0.00603	0.00585	0.01522	0.01257	0.00491	0.0163	0.01866	0.0055	0.00486	0.01019	0.00511	0.00298	0.00755	0.00704	0.0022	0.00358	0.00478	0.00632	0.00377	0.00371	0.01199	0.01091	0.00586	0.01138	0.01372	0.0105	0.01034	0.01708	0.01491	0.01728	0.01494	0.01318	0.01285	0.01389	0.01709	0.01083
0.00714	0.0179	0.01601	0.03317	0.07198	0.09719	0.04268	0.05368	0.12287	0.08528	0.03323	0.10574	0.25697	0.09271	0.05727	0.27461	0.25381	0.09759	0.06067	0.17586	0.04536	0.02149	0.03433	0.02758	0.01937	0.00679	0.02884	0.9742	0.98847	0.99467	0.99687	1	0.9969	0.99588	0.97327	0.97094	0.02026	0.00586	0.01177	0.01581	0.00397	0.00627	0.01469	0.00617	0.00156	0.02676	0.02475	0.00419	0.01073	0.02705	0.00427	0.00239	0.0023	0.00378	0.00507	0.0069	0.0053	0.00568	0.04108	0.00984	0.00393	0.04022	0.07729	0.01157	0.01088	0.03879	0.03645	0.00691	0.02957	0.07602	0.0154	0.00643	0.02928	0.01657	0.00333	0.00757	0.01083	0.00271	0.00208	0.00404	0.01069	0.0039	0.00278	0.01377	0.01706	0.00606	0.01221	0.01238	0.00913	0.00912	0.01516	0.01099	0.0127	0.01182	0.01071	0.00853	0.01087	0.01348	0.00945
0.00713	0.01054	0.01102	0.02229	0.02821	0.02551	0.01361	0.01561	0.02274	0.01557	0.00845	0.01881	0.04749	0.02373	0.01337	0.04795	0.07773	0.03532	0.01979	0.03853	0.01839	0.01027	0.00821	0.0098	0.01597	0.00354	0.00491	0.0268	0.9722	0.99114	0.99153	0.9969	1	0.99904	0.9942	0.98054	0.97735	0.02355	0.00823	0.00784	0.00608	0.00987	0.00901	0.00775	0.00227	0.00889	0.00824	0.00427	0.00364	0.00781	0.00438	0.00159	0.00197	0.00401	0.00329	0.0038	0.00432	0.00358	0.01437	0.00723	0.00253	0.00828	0.02094	0.00726	0.00512	0.01138	0.01254	0.00427	0.00969	0.02296	0.00741	0.00381	0.0089	0.00632	0.00288	0.00451	0.00522	0.00289	0.0034	0.00389	0.00647	0.00443	0.00281	0.00694	0.01607	0.01109	0.01348	0.01771	0.0143	0.01056	0.01466	0.01581	0.0147	0.01377	0.01335	0.01085	0.01079	0.01695	0.01093
0.01061	0.02048	0.02066	0.03853	0.05167	0.04415	0.01602	0.02804	0.03984	0.02146	0.01345	0.03075	0.06567	0.03532	0.02169	0.07157	0.10488	0.05238	0.02541	0.05404	0.01601	0.01341	0.01305	0.01021	0.02176	0.00915	0.00446	0.00714	0.04716	0.97665	0.98403	0.99588	0.99904	1	0.99913	0.99634	0.99393	0.98115	0.03541	0.00695	0.0028	0.0072	0.00678	0.00209	0.00147	0.00568	0.00293	0.00128	0.00169	0.00291	0.00163	0.00113	0.00124	0.00295	0.00195	0.00301	0.00228	0.00271	0.00717	0.00303	0.00206	0.00501	0.00557	0.00278	0.00269	0.00404	0.00362	0.00236	0.0053	0.00588	0.00273	0.00238	0.0058	0.00337	0.00205	0.00338	0.00308	0.0012	0.00187	0.00337	0.00295	0.00168	0.00267	0.0044	0.00686	0.00544	0.00956	0.01116	0.01295	0.01016	0.01476	0.01568	0.0171	0.0141	0.01344	0.01275	0.01203	0.01711	0.01224
0.00921	0.02351	0.02396	0.04086	0.05665	0.0556	0.02536	0.03498	0.0512	0.02583	0.02422	0.03854	0.06152	0.0339	0.03161	0.06281	0.07264	0.03785	0.01954	0.04075	0.01091	0.00686	0.00801	0.00724	0.01029	0.00611	0.00653	0.00501	0.00835	0.0282	0.94813	0.97327	0.9942	0.99913	1	0.99778	0.99664	0.99188	0.98504	0.03628	0.01146	0.033	0.03435	0.00848	0.00487	0.05157	0.0232	0.00253	0.00749	0.01517	0.00239	0.00262	0.00341	0.00601	0.0078	0.0118	0.00797	0.01	0.05352	0.01251	0.00624	0.03195	0.0419	0.00811	0.00667	0.01848	0.01451	0.00439	0.01668	0.03716	0.00602	0.00488	0.03852	0.01928	0.00388	0.00832	0.01428	0.0032	0.00264	0.01217	0.01419	0.0028	0.00621	0.01888	0.01315	0.00588	0.01277	0.01523	0.01458	0.01305	0.01658	0.01252	0.01606	0.01463	0.01311	0.01155	0.01035	0.01423	0.00987
0.00729	0.01298	0.01435	0.03119	0.03779	0.03241	0.0199	0.0361	0.03889	0.02351	0.02137	0.03797	0.05763	0.03185	0.02737	0.06521	0.06472	0.03186	0.01366	0.02987	0.00825	0.00477	0.00333	0.00331	0.00677	0.00269	0.00379	0.00742	0.01067	0.00835	0.02431	0.97094	0.98054	0.99634	0.99778	1	0.99795	0.99399	0.99055	0.95033	0.02158	0.02211	0.01375	0.00692	0.00479	0.01985	0.01569	0.00216	0.00233	0.01301	0.00293	0.00235	0.00547	0.01115	0.0136	0.01986	0.0155	0.01302	0.05892	0.01476	0.00472	0.01927	0.03657	0.00658	0.00281	0.00832	0.01047	0.00278	0.00764	0.01718	0.00415	0.00263	0.01603	0.00755	0.00245	0.00379	0.00811	0.00233	0.00151	0.00445	0.00565	0.00287	0.00305	0.00878	0.00974	0.00526	0.00788	0.00908	0.00858	0.00703	0.01213	0.00905	0.01098	0.01001	0.00961	0.00814	0.00819	0.01102	0.00757
0.00775	0.01129	0.01181	0.02761	0.02934	0.01823	0.01047	0.01503	0.01683	0.01051	0.01117	0.01997	0.03458	0.02145	0.01832	0.04507	0.05792	0.02121	0.01217	0.02077	0.00648	0.00559	0.00374	0.00313	0.00651	0.00435	0.0028	0.00436	0.01238	0.00415	0.00493	0.02026	0.97735	0.99393	0.99664	0.99795	1	0.9983	0.9961	0.98766	0.96309	0.01848	0.00997	0.00333	0.0019	0.00512	0.00416	0.00181	0.00136	0.00139	0.00172	0.00123	0.00116	0.00268	0.00301	0.00305	0.00382	0.00468	0.01169	0.00586	0.00251	0.00583	0.007	0.00308	0.00187	0.00255	0.00321	0.00212	0.0019	0.00234	0.00123	0.0013	0.00235	0.00161	0.00134	0.00211	0.00201	0.00175	0.00147	0.00226	0.00178	0.00173	0.00227	0.00294	0.00524	0.00404	0.00832	0.00792	0.00886	0.00887	0.01031	0.01265	0.01233	0.01192	0.0111	0.00819	0.00837	0.01092	0.00645
0.00756	0.01193	0.01241	0.02817	0.03547	0.02893	0.01272	0.01504	0.01839	0.0117	0.0112	0.01613	0.02932	0.02195	0.01718	0.04591	0.06896	0.02631	0.01241	0.03561	0.00825	0.00512	0.00476	0.00459	0.00442	0.00272	0.00378	0.00295	0.00684	0.00415	0.00234	0.00586	0.02355	0.98115	0.99188	0.99399	0.9983	1	0.99869	0.99607	0.98583	0.97507	0.03874	0.00482	0.00392	0.01838	0.01018	0.00278	0.0041	0.00457	0.00126	0.00257	0.00199	0.00318	0.00279	0.00271	0.00227	0.00382	0.00656	0.00309	0.0018	0.00453	0.00365	0.00198	0.00242	0.00289	0.0031	0.00139	0.00238	0.00316	0.0012	0.00142	0.00445	0.00242	0.00218	0.00284	0.00316	0.00169	0.00186	0.00396	0.00347	0.00187	0.00256	0.00503	0.00574	0.00293	0.00655	0.00775	0.00874	0.00928	0.01218	0.01096	0.01395	0.0126	0.01252	0.0098	0.00933	0.01262	0.00748
0.00678	0.01208	0.01547	0.03772	0.04454	0.04682	0.03266	0.03609	0.04576	0.03091	0.0296	0.03944	0.07584	0.04426	0.03689	0.05877	0.05767	0.02543	0.01145	0.02371	0.00802	0.0049	0.00324	0.00223	0.00285	0.00135	0.00172	0.00382	0.00587	0.00398	0.00597	0.01177	0.00823	0.03541	0.98504	0.99055	0.9961	0.99869	1	0.99906	0.99702	0.99432	0.98749	0.03156	0.0092	0.03186	0.02367	0.00465	0.00591	0.01893	0.00328	0.00378	0.00481	0.00751	0.01784	0.01678	0.01005	0.01724	0.03706	0.00685	0.00554	0.01535	0.0137	0.00332	0.00274	0.00625	0.00668	0.0017	0.0027	0.00812	0.00162	0.00152	0.01005	0.0065	0.00287	0.00432	0.00838	0.00221	0.00156	0.00349	0.00502	0.00187	0.00255	0.00806	0.00943	0.00305	0.00784	0.01318	0.00807	0.00846	0.01434	0.0107	0.01328	0.01329	0.01165	0.01043	0.00887	0.01246	0.00852
0.0082	0.01166	0.01614	0.03966	0.04208	0.03965	0.03208	0.0361	0.03508	0.02425	0.02314	0.03344	0.05284	0.02719	0.01927	0.03852	0.04193	0.01517	0.0071	0.01679	0.00561	0.00515	0.00523	0.00412	0.00488	0.00255	0.00203	0.00339	0.00853	0.00284	0.00431	0.01581	0.00784	0.00695	0.03628	0.95033	0.98766	0.99607	0.99906	1	0.99908	0.99711	0.99392	0.98238	0.02162	0.00926	0.00601	0.00408	0.00497	0.00866	0.00395	0.00395	0.00356	0.00815	0.00911	0.00819	0.007	0.00713	0.01786	0.00692	0.00411	0.00961	0.00499	0.00323	0.00159	0.00175	0.00201	0.00117	0.00102	0.00158	9e-04	0.00062	0.00211	0.00188	0.00137	0.00197	0.00372	0.00256	0.00183	0.00253	0.00313	0.00195	0.00214	0.00389	0.00598	0.00337	0.00541	0.00737	0.00774	0.00706	0.00995	0.01039	0.0116	0.01194	0.01045	0.00854	0.00921	0.01201	0.00845
0.00816	0.01337	0.01366	0.03417	0.03273	0.02513	0.01812	0.01814	0.01975	0.0148	0.01184	0.01783	0.0474	0.02447	0.01604	0.04767	0.06253	0.01501	0.00878	0.02085	0.00518	0.0035	0.00326	0.00269	0.00321	0.00176	0.00143	0.00119	0.00331	0.00209	0.0013	0.00397	0.00608	0.0028	0.01146	0.02158	0.96309	0.98583	0.99702	0.99908	1	0.99911	0.99781	0.99221	0.97203	0.01654	0.00351	0.00192	0.00551	0.00555	0.00203	0.00271	0.00187	0.00192	0.00178	0.00135	0.00136	0.00116	0.0018	0.00133	0.00119	0.0018	0.00171	0.00149	0.00163	0.00116	0.00149	0.00106	0.00077	0.0011	0.00083	0.00091	0.00208	0.00224	0.00168	0.00233	0.00331	0.00242	0.00183	0.00218	0.00233	0.00189	0.00208	0.00307	0.00413	0.00319	0.00486	0.00627	0.00871	0.00753	0.00865	0.00937	0.01135	0.01261	0.01045	0.00705	0.00669	0.00913	0.00571
0.00963	0.01777	0.01962	0.05271	0.0568	0.05259	0.04486	0.0373	0.05078	0.03763	0.02011	0.03551	0.10895	0.03987	0.02227	0.0781	0.07257	0.01595	0.01041	0.03076	0.00616	0.00384	0.00383	0.00323	0.00601	0.00337	0.00246	0.00307	0.00224	0.00169	0.00329	0.00627	0.00987	0.0072	0.033	0.02211	0.01848	0.97507	0.99432	0.99711	0.99911	1	0.99888	0.99742	0.99534	0.98533	0.01376	0.00521	0.00688	0.00789	0.00212	0.00255	0.00276	0.00334	0.00288	0.0038	0.00285	0.00343	0.00427	0.00183	0.00184	0.00301	0.00193	0.00126	0.0012	0.00149	0.00128	0.00076	0.00113	0.00141	0.00052	0.001	0.00235	0.00126	0.00104	0.00208	0.00221	0.00134	0.00124	0.00188	0.00227	0.00176	0.00184	0.00374	0.00362	0.00206	0.00414	0.00508	0.0045	0.00499	0.00867	0.00705	0.00998	0.012	0.00997	0.00728	0.00774	0.01056	0.00689
0.00982	0.01781	0.01926	0.05856	0.06931	0.07516	0.0658	0.07738	0.10478	0.08376	0.0441	0.07436	0.18372	0.06928	0.03318	0.08235	0.07047	0.01302	0.00651	0.0219	0.00808	0.00469	0.00557	0.00647	0.01216	0.0074	0.00417	0.00777	0.01037	0.0021	0.00316	0.01469	0.00901	0.00678	0.03435	0.01375	0.00997	0.03874	0.98749	0.99392	0.99781	0.99888	1	0.99898	0.99719	0.9952	0.98291	0.01761	0.00791	0.00844	0.00441	0.00765	0.00439	0.00515	0.01092	0.01022	0.00385	0.00503	0.02066	0.00302	0.00135	0.00317	0.00297	0.00139	0.00093	0.00173	0.00178	0.00054	0.00096	0.00241	0.00078	0.00087	0.00382	0.00309	0.00112	0.00206	0.0035	0.00198	0.00139	0.00178	0.00339	0.00235	0.00208	0.00501	0.00571	0.00203	0.00361	0.00506	0.00511	0.00415	0.00862	0.00739	0.01106	0.01067	0.01083	0.00944	0.00752	0.00952	0.00711
0.00933	0.01497	0.01397	0.0322	0.02973	0.03408	0.03198	0.03337	0.04713	0.03522	0.01822	0.02776	0.05545	0.01959	0.01059	0.0267	0.02434	0.00576	0.00487	0.0124	0.00449	0.00468	0.00452	0.00793	0.00653	0.00373	0.00246	0.00355	0.00673	0.00245	0.00109	0.00617	0.00775	0.00209	0.00848	0.00692	0.00333	0.00482	0.03156	0.98238	0.99221	0.99742	0.99898	1	0.99886	0.99759	0.99335	0.98419	0.01179	0.00375	0.00275	0.00436	0.00437	0.00247	0.00283	0.00279	0.0013	0.00167	0.00324	0.00183	0.00062	0.00089	0.00113	0.00148	0.00083	0.00161	0.00194	7e-04	0.00069	0.00089	0.00123	0.00105	0.00102	0.00189	0.00091	0.00089	0.00135	0.0016	0.00166	0.00158	0.00254	0.002	0.00196	0.00328	0.00466	0.00268	0.00314	0.00471	0.00611	0.00541	0.00667	0.00833	0.00922	0.0101	0.00952	0.00644	0.00751	0.00928	0.00593
0.00976	0.01469	0.01215	0.02789	0.02202	0.0253	0.02659	0.03887	0.06217	0.04838	0.02427	0.04208	0.11248	0.02787	0.01254	0.05133	0.03747	0.00638	0.00895	0.01805	0.00399	0.0034	0.00322	0.00283	0.00348	0.00205	0.0013	0.00143	0.00169	0.00073	0.00103	0.00156	0.00227	0.00147	0.00487	0.00479	0.0019	0.00392	0.0092	0.02162	0.97203	0.99534	0.99719	0.99886	1	0.99872	0.99691	0.99494	0.98006	0.00937	0.00297	0.00291	0.00215	0.0024	0.00288	0.00225	0.00154	0.00165	0.00225	0.00124	0.00078	0.00089	5e-04	0.00056	0.00063	0.00063	0.00053	0.00044	0.00056	0.00052	0.00069	8e-04	0.00072	0.00085	0.00088	0.00103	0.00098	0.00104	0.00128	0.0017	0.0016	0.00164	0.00164	0.00323	0.0023	0.00189	0.00296	0.00325	0.00436	0.00514	0.00827	0.00848	0.00996	0.00923	0.00832	0.00598	0.00644	0.00844	0.00522
0.0107	0.01866	0.01459	0.03627	0.03922	0.04435	0.05208	0.0965	0.1796	0.17112	0.0741	0.08169	0.16414	0.05081	0.01808	0.09023	0.06882	0.0109	0.01054	0.0521	0.0071	0.00504	0.00529	0.00519	0.00504	0.00293	0.00332	0.00706	0.00765	0.00156	0.00586	0.02676	0.00889	0.00568	0.05157	0.01985	0.00512	0.01838	0.03186	0.00926	0.01654	0.98533	0.9952	0.99759	0.99872	1	0.99906	0.99878	0.99563	0.98701	0.01489	0.00768	0.00368	0.0034	0.01406	0.01554	0.00421	0.00663	0.01211	0.00251	0.00066	0.00289	0.00162	0.00081	0.00068	0.00143	0.00096	0.00039	0.00063	0.00139	0.00072	0.00075	0.002	0.00206	0.00113	0.00159	0.0029	0.00119	0.00169	0.00219	0.00254	0.00156	0.00191	0.00566	0.00491	0.00168	0.00366	0.00459	0.00429	0.0045	0.00843	0.00704	0.00931	0.0084	0.0077	0.00667	0.00668	0.00873	0.00559
0.01129	0.02068	0.0149	0.03211	0.03633	0.05637	0.04825	0.07968	0.18004	0.27582	0.19027	0.15662	0.17987	0.05253	0.02002	0.06833	0.05109	0.0079	0.00751	0.02236	0.00619	0.00493	0.00555	0.00681	0.01071	0.00479	0.00752	0.01025	0.01095	0.00265	0.00515	0.02475	0.00824	0.00293	0.0232	0.01569	0.00416	0.01018	0.02367	0.00601	0.00351	0.01376	0.98291	0.99335	0.99691	0.99906	1	0.99906	0.99854	0.99482	0.97552	0.02067	0.0056	0.00246	0.01237	0.0191	0.00407	0.00477	0.01783	0.00539	0.00113	0.00278	0.00358	0.00222	9e-04	0.00303	0.00373	0.00099	0.00126	0.00341	0.00203	0.00068	0.00391	0.00689	0.00146	0.00124	0.00308	0.00144	0.00218	0.00241	0.00433	0.00283	0.00192	0.00656	0.01175	0.0028	0.00437	0.00594	0.00692	0.00573	0.00786	0.00775	0.00947	0.00964	0.00835	0.00602	0.00671	0.00795	0.00564
0.01347	0.02612	0.02212	0.03541	0.03028	0.04538	0.04186	0.05492	0.14507	0.25985	0.32751	0.35441	0.34712	0.09393	0.0279	0.09588	0.06112	0.00874	0.0093	0.02684	0.0048	0.00467	0.00474	0.00574	0.0039	0.00338	0.00364	0.00238	0.00316	0.00212	0.00303	0.00419	0.00427	0.00128	0.00253	0.00216	0.00181	0.00278	0.00465	0.00408	0.00192	0.00521	0.01761	0.98419	0.99494	0.99878	0.99906	1	0.99947	0.99851	0.99378	0.98324	0.02129	0.00437	0.00692	0.00524	0.00465	0.00239	0.0035	0.00325	0.00087	0.00144	0.00137	0.00172	0.00113	0.00117	0.00177	0.00147	0.00092	0.00126	0.00132	0.00101	0.00191	0.00288	0.00197	0.00135	0.00131	0.00145	0.00218	0.00185	0.0017	0.00261	0.00205	0.00309	0.00414	0.00354	0.0065	0.00639	0.00874	0.00747	0.00882	0.01025	0.00982	0.01043	0.00936	0.00654	0.00591	0.00729	0.00526
0.01611	0.02803	0.02363	0.03597	0.02411	0.0246	0.02207	0.02879	0.05186	0.08454	0.15624	0.23032	0.24959	0.07927	0.02312	0.07844	0.06526	0.01067	0.00909	0.03412	0.00734	0.00455	0.00676	0.00621	0.00581	0.00405	0.00494	0.00299	0.00463	0.00294	0.00876	0.01073	0.00364	0.00169	0.00749	0.00233	0.00136	0.0041	0.00591	0.00497	0.00551	0.00688	0.00791	0.01179	0.98006	0.99563	0.99854	0.99947	1	0.99923	0.99775	0.99441	0.97434	0.02053	0.01638	0.007	0.00304	0.00397	0.0062	0.00256	0.00065	0.00167	0.00133	9e-04	0.00076	0.00137	0.00121	0.00093	0.00127	0.00131	0.00135	0.00123	0.00334	0.00254	0.00218	0.00268	0.00268	0.00155	0.00287	0.00322	0.00174	0.0021	0.00153	0.0043	0.00364	0.00278	0.00735	0.00631	0.00724	0.00667	0.00824	0.0091	0.00944	0.00892	0.00875	0.00709	0.00683	0.00822	0.00519
0.01482	0.02687	0.02484	0.04372	0.03284	0.03456	0.02622	0.03302	0.04964	0.06261	0.09363	0.14803	0.16285	0.05795	0.02882	0.06236	0.04444	0.01017	0.00693	0.02305	0.00625	0.00454	0.00458	0.00566	0.00674	0.00358	0.00579	0.00837	0.00971	0.0026	0.01037	0.02705	0.00781	0.00291	0.01517	0.01301	0.00139	0.00457	0.01893	0.00866	0.00555	0.00789	0.00844	0.00375	0.00937	0.98701	0.99482	0.99851	0.99923	1	0.99882	0.99743	0.99095	0.94982	0.20428	0.07059	0.02152	0.03188	0.06766	0.01366	0.00192	0.00543	0.00586	0.00225	0.00118	0.00426	0.00327	0.00153	0.00296	0.00783	0.00328	0.00234	0.00838	0.00949	0.00274	0.00309	0.00612	0.00234	0.00238	0.00351	0.00352	0.00265	0.00273	0.00649	0.00734	0.0033	0.00538	0.0059	0.00797	0.00612	0.00974	0.00815	0.00879	0.00804	0.00778	0.00706	0.00689	0.00882	0.00494
0.01663	0.02506	0.02723	0.04255	0.0338	0.04363	0.02776	0.02772	0.05037	0.06213	0.06394	0.1256	0.21248	0.0923	0.04718	0.11703	0.08716	0.01321	0.01285	0.02767	0.00646	0.00444	0.00325	0.00389	0.00338	0.00276	0.00464	0.00287	0.00575	0.00191	0.00253	0.00427	0.00438	0.00163	0.00239	0.00293	0.00172	0.00126	0.00328	0.00395	0.00203	0.00212	0.00441	0.00275	0.00297	0.01489	0.97552	0.99378	0.99775	0.99882	1	0.99882	0.99575	0.98353	0.94954	0.08546	0.01413	0.00813	0.02392	0.01108	0.0014	0.00375	0.00367	0.00254	0.00164	0.00451	0.00382	0.00256	0.00293	0.00389	0.00425	0.00219	0.00359	0.0039	0.00189	0.00205	0.0034	0.00183	0.00204	0.00247	0.00203	0.00243	0.00276	0.00383	0.00409	0.00298	0.00474	0.00465	0.00969	0.00686	0.00813	0.00875	0.00841	0.0068	0.00741	0.00577	0.00499	0.00645	0.0038
