1	0.79101	0.68529	0.26644	0.34528	0.20363	0.05759	0.01747	0.02319	0.01199	0.00649	0.00497	0.0022	0.0015	0.00162	0.00243	0.00337	0.00314	0.00546	0.0054	0.00637	0.00747	0.00803	0.00712	0.00614	0.00475	0.0048	0.00639	0.00738	0.0109	0.01548	0.01438	0.01247	0.01044	0.00884	0.00835	0.00966	0.00825	0.0086	0.01269	0.01119	0.01085	0.00917	0.00805	0.00778	0.00934	0.00612	0.00695	0.00625	0.00819	0.00515	0.00501	0.00437	0.00324	0.00328	0.00365	0.00416	0.00344	0.00253	0.00276	0.00225	0.00367	0.00224	0.00267	0.00233	0.00269	0.00282	0.00318	0.00302	0.00297	0.00226	0.00234	0.00323	0.00325	0.00296	0.00233	0.00197	0.00167	0.00188	0.00152	0.00188	0.00244	0.00205	0.0028	0.00299	0.00373	0.0033	0.00445	0.00595	0.00779	0.00812	0.00904	0.01278	0.01554	0.01216	0.01194	0.01097	0.00813
0.79101	1	0.95622	0.92796	0.60925	0.78013	0.15427	0.01783	0.00841	0.00896	0.0044	0.00237	0.00182	0.00079	0.00093	0.00254	0.00419	0.00278	0.00438	0.0046	0.00413	0.00557	0.00482	0.00552	0.00525	0.00406	0.0036	0.00502	0.00456	0.00706	0.01064	0.01091	0.00953	0.00813	0.00877	0.00743	0.00783	0.00613	0.00505	0.00736	0.00795	0.00674	0.0061	0.0079	0.00674	0.00722	0.00606	0.00784	0.0049	0.0078	0.00482	0.00392	0.00299	0.00275	0.00228	0.00218	0.00226	0.0017	0.00141	0.00166	0.00128	0.0021	0.00128	0.00164	0.00186	0.00233	0.00245	0.0029	0.00251	0.00245	0.00193	0.00176	0.00247	0.0018	0.00158	0.0016	0.00142	0.00124	0.0019	0.0012	0.00138	0.00257	0.00191	0.00292	0.0034	0.00401	0.00341	0.00493	0.00806	0.00894	0.00926	0.01378	0.0202	0.01934	0.01315	0.01407	0.00926	0.00871
0.68529	0.95622	1	0.97607	0.93852	0.92153	0.89398	0.03405	0.00587	0.0032	0.00301	0.00177	0.0014	0.00127	0.00117	0.0032	0.00491	0.00291	0.00541	0.00383	0.00492	0.00661	0.0068	0.00828	0.00643	0.00394	0.00355	0.00442	0.00561	0.01011	0.01717	0.01547	0.01338	0.01115	0.01416	0.01089	0.01173	0.01166	0.00973	0.0156	0.01514	0.01391	0.00879	0.0157	0.01483	0.01127	0.01021	0.01635	0.00737	0.01195	0.00793	0.00588	0.00375	0.00328	0.0034	0.00347	0.0043	0.00279	0.00291	0.00444	0.00347	0.00815	0.00353	0.00542	0.00413	0.00706	0.00549	0.00499	0.00462	0.00405	0.00329	0.0034	0.00741	0.00526	0.00368	0.00374	0.00306	0.00248	0.0035	0.00243	0.00314	0.00561	0.00314	0.0048	0.00671	0.00712	0.00496	0.00794	0.01594	0.01567	0.01329	0.02562	0.04928	0.03306	0.01788	0.02353	0.01446	0.01292
0.26644	0.92796	0.97607	1	0.97051	0.95821	0.93424	0.90271	0.03692	0.00557	0.00254	0.00371	0.00218	0.00166	0.00215	0.00318	0.00455	0.00248	0.00391	0.00249	0.00305	0.00416	0.00334	0.00443	0.00351	0.0029	0.00269	0.0053	0.00738	0.01514	0.0183	0.02399	0.0125	0.01335	0.02325	0.01435	0.01341	0.01193	0.0112	0.01914	0.01322	0.01061	0.00922	0.02067	0.02383	0.01372	0.01227	0.02786	0.01164	0.02101	0.01191	0.00877	0.00507	0.00392	0.00361	0.00414	0.00717	0.00296	0.00342	0.00595	0.00475	0.01032	0.00503	0.00809	0.00481	0.00948	0.00608	0.00566	0.00509	0.0036	0.00357	0.00438	0.00799	0.00741	0.00492	0.00436	0.0038	0.00237	0.00404	0.00257	0.00516	0.0096	0.00505	0.00558	0.01015	0.01096	0.00615	0.01055	0.02146	0.02351	0.02038	0.04009	0.08879	0.06401	0.02781	0.04089	0.03171	0.02563
0.34528	0.60925	0.93852	0.97051	1	0.95587	0.9693	0.93088	0.9189	0.02503	0.00637	0.00263	0.00355	0.00165	0.00115	0.00283	0.00338	0.00145	0.00294	0.00198	0.00297	0.00384	0.00386	0.00453	0.0049	0.00307	0.00308	0.00606	0.0097	0.01945	0.02106	0.03492	0.01271	0.00985	0.02037	0.01427	0.01022	0.00842	0.00812	0.0173	0.00845	0.00682	0.00488	0.01672	0.02428	0.0107	0.00862	0.03886	0.01281	0.03653	0.01757	0.00917	0.00479	0.00311	0.00257	0.00357	0.00861	0.00215	0.00259	0.00563	0.00432	0.01563	0.00553	0.01162	0.00546	0.01242	0.00502	0.0048	0.00456	0.00348	0.00378	0.00591	0.01282	0.01522	0.00668	0.00552	0.00483	0.00277	0.00606	0.00243	0.00814	0.01689	0.0052	0.00443	0.01814	0.0188	0.00377	0.01045	0.03148	0.02342	0.01706	0.04365	0.10129	0.0563	0.02357	0.03782	0.02851	0.02632
0.20363	0.78013	0.92153	0.95821	0.95587	1	0.96527	0.94955	0.90603	0.89469	0.0314	0.00385	0.00204	0.00356	0.00122	0.00182	0.00332	0.00117	0.00222	0.00175	0.00238	0.00329	0.003	0.00522	0.00372	0.00289	0.00197	0.00482	0.00691	0.01393	0.01123	0.02603	0.00936	0.00783	0.0167	0.0145	0.01061	0.00967	0.00815	0.01674	0.00738	0.00668	0.00449	0.01486	0.02133	0.0068	0.0053	0.02079	0.00813	0.02353	0.01074	0.00595	0.00255	0.00213	0.00184	0.00227	0.00539	0.00156	0.00214	0.00393	0.00324	0.01016	0.00425	0.00801	0.00387	0.01269	0.00448	0.0032	0.00376	0.00349	0.00362	0.00538	0.01108	0.0149	0.00679	0.00427	0.00449	0.00244	0.00482	0.002	0.00838	0.01674	0.00563	0.00488	0.02546	0.03273	0.00467	0.01136	0.06891	0.04854	0.02195	0.05595	0.16751	0.07708	0.02735	0.05632	0.03849	0.02957
0.05759	0.15427	0.89398	0.93424	0.9693	0.96527	1	0.9573	0.93288	0.90518	0.91569	0.0221	0.00361	0.00333	0.00272	0.00267	0.00309	0.00137	0.00127	0.00098	0.00173	0.00223	0.00243	0.00354	0.00333	0.0031	0.00299	0.00577	0.01071	0.01668	0.011	0.02214	0.00767	0.00546	0.01896	0.01686	0.0139	0.01346	0.01267	0.02614	0.0107	0.00993	0.0077	0.0267	0.03969	0.00908	0.00811	0.03206	0.00881	0.02411	0.00945	0.00516	0.00267	0.00238	0.00243	0.00258	0.00615	0.00184	0.00318	0.0076	0.00583	0.0364	0.00907	0.03308	0.00752	0.03105	0.00571	0.00415	0.00411	0.00355	0.00352	0.00539	0.00901	0.01501	0.00807	0.00542	0.00495	0.00226	0.00482	0.00215	0.00862	0.01473	0.00555	0.00559	0.0305	0.04242	0.00839	0.0202	0.1129	0.1023	0.04315	0.09164	0.26029	0.1158	0.03087	0.05654	0.03321	0.02497
0.01747	0.01783	0.03405	0.90271	0.93088	0.94955	0.9573	1	0.92877	0.93172	0.93871	0.89008	0.01997	0.00438	0.00175	0.00323	0.00247	0.00093	0.00198	0.00097	0.00157	0.00354	0.00245	0.00528	0.00536	0.00663	0.00617	0.0131	0.02157	0.03284	0.01745	0.04376	0.00949	0.00543	0.02087	0.01987	0.01184	0.01288	0.01182	0.03184	0.0097	0.00809	0.00613	0.01832	0.03334	0.00616	0.00796	0.04442	0.0108	0.03689	0.01454	0.00828	0.00395	0.00268	0.00242	0.00262	0.00828	0.00168	0.00284	0.0065	0.00457	0.02868	0.00798	0.02819	0.00659	0.01962	0.00425	0.00292	0.00354	0.00318	0.00397	0.00638	0.01079	0.01873	0.00749	0.00491	0.00501	0.0018	0.0038	0.00199	0.00897	0.01794	0.00487	0.00562	0.03646	0.04228	0.00695	0.02211	0.07762	0.05259	0.02367	0.04786	0.09603	0.04538	0.01643	0.02414	0.01574	0.01537
0.02319	0.00841	0.00587	0.03692	0.9189	0.90603	0.93288	0.92877	1	0.94522	0.95742	0.92844	0.9069	0.0183	0.00337	0.00215	0.00434	0.00128	0.00152	0.00144	0.00148	0.00217	0.00378	0.00705	0.00725	0.00676	0.00754	0.01609	0.02594	0.03952	0.0172	0.05736	0.0102	0.00619	0.02134	0.02213	0.01522	0.0131	0.01331	0.02785	0.01108	0.0089	0.00497	0.01686	0.0273	0.00547	0.00699	0.05211	0.01487	0.05151	0.0191	0.00971	0.00423	0.00386	0.00276	0.00256	0.01094	0.00185	0.00257	0.00492	0.00388	0.02132	0.00679	0.02694	0.00629	0.02062	0.00323	0.00238	0.00291	0.00313	0.00441	0.00804	0.017	0.0405	0.00944	0.00615	0.00652	0.00249	0.00493	0.0022	0.01092	0.0215	0.00714	0.0057	0.04572	0.07058	0.01162	0.02759	0.08563	0.05178	0.016	0.03627	0.06985	0.02696	0.00844	0.01776	0.01335	0.01438
0.01199	0.00896	0.0032	0.00557	0.02503	0.89469	0.90518	0.93172	0.94522	1	0.97044	0.95087	0.94193	0.93472	0.01693	0.00411	0.00343	0.00287	0.00222	0.00141	0.00237	0.00171	0.00173	0.00386	0.00356	0.00463	0.00457	0.00973	0.01514	0.02404	0.00888	0.02299	0.0062	0.00384	0.01208	0.01966	0.02259	0.01916	0.01777	0.05013	0.01574	0.01279	0.00682	0.01927	0.03895	0.00652	0.00671	0.03644	0.01022	0.03483	0.01704	0.00832	0.00309	0.00326	0.00268	0.00266	0.00948	0.00164	0.00263	0.00516	0.00459	0.028	0.01099	0.04569	0.00913	0.03886	0.00357	0.00292	0.00349	0.00315	0.00397	0.00854	0.01664	0.03834	0.01134	0.00607	0.00634	0.00262	0.00551	0.00202	0.01002	0.02788	0.01357	0.01058	0.10903	0.21434	0.03112	0.06707	0.23919	0.1364	0.03062	0.05982	0.14364	0.05545	0.01124	0.02383	0.018	0.0178
0.00649	0.0044	0.00301	0.00254	0.00637	0.0314	0.91569	0.93871	0.95742	0.97044	1	0.975	0.9595	0.96241	0.93604	0.01911	0.00476	0.00242	0.00513	0.00279	0.0038	0.00467	0.00405	0.0072	0.00595	0.0078	0.00773	0.0152	0.01937	0.03369	0.01301	0.02723	0.00676	0.00426	0.01801	0.01909	0.02718	0.0257	0.02762	0.08276	0.01915	0.01207	0.00812	0.0205	0.03827	0.00656	0.00706	0.0303	0.00689	0.02992	0.01512	0.01141	0.00295	0.00228	0.00221	0.00327	0.01028	0.00159	0.00297	0.00717	0.00566	0.04048	0.01144	0.03721	0.00732	0.01888	0.00334	0.00248	0.0032	0.00215	0.00281	0.00543	0.01012	0.01779	0.00888	0.00507	0.00505	0.00246	0.00543	0.00179	0.00928	0.02031	0.00707	0.00712	0.05906	0.11466	0.02464	0.05206	0.15741	0.08937	0.02089	0.04112	0.08485	0.03864	0.00825	0.01954	0.01311	0.01433
0.00497	0.00237	0.00177	0.00371	0.00263	0.00385	0.0221	0.89008	0.92844	0.95087	0.975	1	0.96562	0.97084	0.96673	0.94287	0.02438	0.00388	0.0056	0.00627	0.00807	0.01232	0.02665	0.04421	0.02005	0.01887	0.01775	0.03275	0.03273	0.05332	0.02096	0.04071	0.00732	0.00488	0.01519	0.01319	0.01671	0.01665	0.01642	0.03953	0.01279	0.00888	0.00562	0.01864	0.05395	0.00723	0.00606	0.02827	0.00697	0.02418	0.01442	0.0094	0.0039	0.00264	0.00214	0.00358	0.0131	0.00222	0.00333	0.00864	0.00818	0.06624	0.01046	0.03013	0.00481	0.00938	0.00182	0.00152	0.002	0.00189	0.00263	0.0041	0.00891	0.01493	0.00685	0.00472	0.00479	0.00234	0.00435	0.00134	0.00633	0.01346	0.00434	0.00421	0.02057	0.03927	0.0097	0.01852	0.06151	0.02726	0.00902	0.02338	0.03662	0.01749	0.00543	0.01412	0.0104	0.01156
0.0022	0.00182	0.0014	0.00218	0.00355	0.00204	0.00361	0.01997	0.9069	0.94193	0.9595	0.96562	1	0.97984	0.97706	0.96798	0.95389	0.04276	0.00633	0.00743	0.00891	0.01537	0.02382	0.06803	0.03513	0.02064	0.01751	0.0352	0.02778	0.04335	0.01262	0.03138	0.00686	0.00525	0.01572	0.01693	0.02754	0.02231	0.02782	0.07223	0.01927	0.01341	0.00726	0.02397	0.06152	0.00933	0.00572	0.03165	0.00768	0.03187	0.02048	0.01066	0.00407	0.00405	0.003	0.00419	0.01487	0.00274	0.00321	0.00617	0.00634	0.03428	0.00804	0.01767	0.00432	0.00899	0.00173	0.0015	0.00196	0.00185	0.00315	0.00451	0.011	0.01816	0.00824	0.00604	0.00643	0.00284	0.00547	0.002	0.01167	0.02611	0.00982	0.00949	0.0814	0.16202	0.01627	0.05531	0.24663	0.06635	0.01432	0.04687	0.08031	0.0407	0.00725	0.02149	0.01353	0.01507
0.0015	0.00079	0.00127	0.00166	0.00165	0.00356	0.00333	0.00438	0.0183	0.93472	0.96241	0.97084	0.97984	1	0.99126	0.98137	0.97951	0.90756	0.0444	0.0145	0.01968	0.01488	0.02223	0.04624	0.02955	0.01691	0.01272	0.02233	0.02238	0.0374	0.01121	0.02389	0.00686	0.00603	0.02079	0.02026	0.02599	0.03717	0.057	0.14384	0.0364	0.02369	0.01434	0.03435	0.06698	0.01277	0.00674	0.0277	0.00874	0.02842	0.02013	0.00924	0.00395	0.00291	0.00246	0.003	0.00941	0.00157	0.00273	0.0067	0.00479	0.0301	0.00691	0.01442	0.00285	0.00641	0.00178	0.00162	0.00192	0.00211	0.00291	0.00499	0.01286	0.01935	0.00861	0.00582	0.00749	0.00337	0.00651	0.00246	0.01471	0.03103	0.01263	0.01008	0.05519	0.10204	0.01258	0.02703	0.09714	0.04136	0.01033	0.02108	0.04868	0.0307	0.00691	0.0158	0.00986	0.01056
0.00162	0.00093	0.00117	0.00215	0.00115	0.00122	0.00272	0.00175	0.00337	0.01693	0.93604	0.96673	0.97706	0.99126	1	0.9924	0.9869	0.97121	0.84313	0.14897	0.10716	0.06412	0.07034	0.09032	0.04271	0.02357	0.0184	0.02748	0.01645	0.03375	0.01239	0.02557	0.00755	0.00657	0.02097	0.01872	0.02237	0.02826	0.03946	0.10139	0.03823	0.02179	0.01366	0.03085	0.03906	0.00797	0.00598	0.01694	0.00512	0.01521	0.01168	0.00817	0.00424	0.00317	0.00219	0.00387	0.00952	0.00173	0.00261	0.00671	0.00536	0.01972	0.00458	0.00705	0.00279	0.0034	0.00159	0.00132	0.00163	0.00183	0.00221	0.00257	0.00774	0.00769	0.0045	0.0038	0.00513	0.0026	0.00384	0.00193	0.00711	0.01137	0.00432	0.00408	0.01263	0.01886	0.0046	0.00874	0.01927	0.01121	0.0056	0.01063	0.02292	0.01701	0.00619	0.01448	0.00915	0.00994
0.00243	0.00254	0.0032	0.00318	0.00283	0.00182	0.00267	0.00323	0.00215	0.00411	0.01911	0.94287	0.96798	0.98137	0.9924	1	0.99236	0.98079	0.90913	0.63222	0.36345	0.26785	0.18033	0.21066	0.0649	0.02604	0.01731	0.03422	0.02168	0.03424	0.01717	0.03544	0.00987	0.00984	0.01985	0.01805	0.02242	0.02164	0.02477	0.05376	0.02615	0.02079	0.01366	0.03402	0.04699	0.00937	0.00587	0.02746	0.00718	0.02283	0.01993	0.01374	0.00897	0.00559	0.00425	0.00692	0.02362	0.00403	0.00735	0.015	0.01164	0.07419	0.00969	0.01276	0.0038	0.00723	0.00199	0.00182	0.00174	0.00201	0.00254	0.00259	0.007	0.01024	0.00674	0.00578	0.00705	0.00385	0.00557	0.00233	0.00905	0.01487	0.00513	0.00468	0.02113	0.02736	0.00545	0.01351	0.03994	0.01177	0.00694	0.01576	0.03305	0.02109	0.00784	0.01833	0.01166	0.01163
0.00337	0.00419	0.00491	0.00455	0.00338	0.00332	0.00309	0.00247	0.00434	0.00343	0.00476	0.02438	0.95389	0.97951	0.9869	0.99236	1	0.99453	0.9347	0.74547	0.59629	0.3554	0.26949	0.23327	0.10412	0.04113	0.02109	0.03533	0.03026	0.04761	0.02514	0.05317	0.01782	0.02034	0.03217	0.03254	0.04155	0.04157	0.05507	0.10615	0.04615	0.0387	0.02434	0.04488	0.04816	0.01388	0.0061	0.01812	0.00707	0.01607	0.01277	0.00965	0.00619	0.00448	0.00295	0.0059	0.01536	0.00312	0.00456	0.00942	0.00674	0.01647	0.00651	0.00609	0.00323	0.00369	0.00189	0.00158	0.00196	0.0023	0.00262	0.00308	0.00663	0.0091	0.00578	0.00566	0.00696	0.00444	0.00698	0.00348	0.01162	0.01824	0.00764	0.00737	0.02174	0.02869	0.00693	0.01724	0.03939	0.01638	0.00819	0.0153	0.04096	0.025	0.0091	0.02229	0.01283	0.01072
0.00314	0.00278	0.00291	0.00248	0.00145	0.00117	0.00137	0.00093	0.00128	0.00287	0.00242	0.00388	0.04276	0.90756	0.97121	0.98079	0.99453	1	0.9893	0.91242	0.64575	0.34351	0.16841	0.16216	0.05918	0.02448	0.01291	0.01842	0.01917	0.03574	0.03329	0.0482	0.02862	0.03337	0.04856	0.0419	0.04609	0.04672	0.05602	0.11274	0.05333	0.04477	0.02438	0.02891	0.02468	0.00783	0.00394	0.00751	0.0035	0.00928	0.00803	0.00702	0.0049	0.00403	0.0029	0.00501	0.0118	0.00321	0.00546	0.00827	0.00514	0.01091	0.0042	0.00413	0.00174	0.0026	0.0017	0.00186	0.00177	0.00211	0.00191	0.00215	0.00466	0.0054	0.00367	0.00421	0.00627	0.00375	0.00526	0.00299	0.00793	0.01129	0.00513	0.00509	0.01065	0.01248	0.00467	0.01043	0.01634	0.00837	0.00562	0.00957	0.02357	0.01475	0.00919	0.02	0.01141	0.01054
0.00546	0.00438	0.00541	0.00391	0.00294	0.00222	0.00127	0.00198	0.00152	0.00222	0.00513	0.0056	0.00633	0.0444	0.84313	0.90913	0.9347	0.9893	1	0.98513	0.91148	0.30443	0.11186	0.12831	0.05171	0.0183	0.01172	0.02292	0.02323	0.0462	0.04649	0.08294	0.0426	0.04579	0.05637	0.03741	0.03494	0.03746	0.04262	0.06243	0.03878	0.0348	0.02618	0.03328	0.02552	0.00755	0.00569	0.01797	0.00757	0.02638	0.01787	0.01622	0.01213	0.00757	0.00568	0.01369	0.03599	0.00901	0.01657	0.02923	0.018	0.05258	0.01392	0.01141	0.00478	0.00506	0.00272	0.00201	0.00242	0.00296	0.00323	0.00335	0.01244	0.01319	0.01054	0.00985	0.0126	0.00578	0.00653	0.0043	0.01165	0.01842	0.0068	0.00649	0.01657	0.01408	0.00481	0.01377	0.01946	0.00773	0.00774	0.01427	0.02355	0.01436	0.00995	0.01813	0.00997	0.00861
0.0054	0.0046	0.00383	0.00249	0.00198	0.00175	0.00098	0.00097	0.00144	0.00141	0.00279	0.00627	0.00743	0.0145	0.14897	0.63222	0.74547	0.91242	0.98513	1	0.98729	0.82532	0.14442	0.14069	0.056	0.02329	0.01289	0.02029	0.02568	0.03864	0.04847	0.06167	0.06113	0.05763	0.05961	0.03946	0.02972	0.03381	0.0394	0.04589	0.03724	0.0275	0.01682	0.02186	0.01454	0.00626	0.0037	0.00872	0.00573	0.01324	0.01124	0.01192	0.0102	0.00693	0.00564	0.01458	0.03881	0.01365	0.02354	0.02517	0.021	0.03285	0.01045	0.00628	0.00301	0.0036	0.00243	0.0018	0.00206	0.00197	0.00265	0.00297	0.0049	0.00772	0.00648	0.00834	0.00814	0.00525	0.00505	0.00335	0.00745	0.00978	0.0058	0.00522	0.01054	0.00841	0.00453	0.01061	0.01238	0.00699	0.00671	0.00975	0.01923	0.01334	0.00865	0.01284	0.00767	0.00811
0.00637	0.00413	0.00492	0.00305	0.00297	0.00238	0.00173	0.00157	0.00148	0.00237	0.0038	0.00807	0.00891	0.01968	0.10716	0.36345	0.59629	0.64575	0.91148	0.98729	1	0.98995	0.88523	0.32771	0.18576	0.06862	0.03096	0.03843	0.04791	0.0576	0.08768	0.09941	0.09103	0.06639	0.05956	0.03515	0.02603	0.02578	0.03324	0.03793	0.03279	0.02612	0.01755	0.01987	0.02054	0.00634	0.00457	0.00985	0.00644	0.01353	0.01419	0.01163	0.0109	0.00944	0.0066	0.01464	0.03325	0.01572	0.02469	0.03439	0.02394	0.05309	0.01935	0.01154	0.00492	0.00463	0.00319	0.00244	0.00264	0.00274	0.00301	0.00441	0.00804	0.01846	0.01037	0.0142	0.01224	0.00688	0.00596	0.00335	0.01013	0.01381	0.00619	0.00586	0.01479	0.00976	0.00561	0.0154	0.0146	0.00699	0.00682	0.00764	0.01534	0.00968	0.00643	0.01127	0.00754	0.00744
0.00747	0.00557	0.00661	0.00416	0.00384	0.00329	0.00223	0.00354	0.00217	0.00171	0.00467	0.01232	0.01537	0.01488	0.06412	0.26785	0.3554	0.34351	0.30443	0.82532	0.98995	1	0.98809	0.87114	0.26092	0.11804	0.03686	0.04171	0.04374	0.03594	0.07361	0.05965	0.06294	0.03809	0.03457	0.019	0.01631	0.01667	0.02162	0.02123	0.01788	0.0113	0.00927	0.00784	0.00681	0.00419	0.00318	0.00682	0.00532	0.01554	0.01181	0.01272	0.01159	0.01125	0.00875	0.01737	0.03061	0.02117	0.03261	0.02521	0.02224	0.02495	0.01994	0.00971	0.00396	0.00358	0.00379	0.00253	0.00329	0.0032	0.00331	0.004	0.0072	0.01137	0.00684	0.01069	0.01023	0.0064	0.0049	0.00433	0.01074	0.0132	0.0058	0.00607	0.01224	0.01001	0.00528	0.01343	0.01344	0.008	0.00737	0.00783	0.01356	0.01034	0.00718	0.01127	0.00763	0.00864
0.00803	0.00482	0.0068	0.00334	0.00386	0.003	0.00243	0.00245	0.00378	0.00173	0.00405	0.02665	0.02382	0.02223	0.07034	0.18033	0.26949	0.16841	0.11186	0.14442	0.88523	0.98809	1	0.98523	0.88264	0.27752	0.08392	0.06667	0.05355	0.04162	0.06853	0.05569	0.05083	0.02328	0.02616	0.01744	0.01388	0.01335	0.01807	0.01219	0.00966	0.00641	0.00426	0.00354	0.00239	0.00202	0.00193	0.00246	0.00253	0.00638	0.00818	0.01105	0.01379	0.01457	0.01353	0.02991	0.03611	0.02608	0.02718	0.0172	0.01331	0.01381	0.01035	0.00609	0.00188	0.00217	0.00239	0.00177	0.0027	0.00228	0.003	0.00282	0.00421	0.00574	0.00385	0.00785	0.00783	0.00546	0.00366	0.00362	0.00772	0.0074	0.00357	0.00411	0.00744	0.00574	0.00415	0.00806	0.0085	0.00677	0.00621	0.00593	0.00916	0.00751	0.00582	0.00872	0.00572	0.00708
0.00712	0.00552	0.00828	0.00443	0.00453	0.00522	0.00354	0.00528	0.00705	0.00386	0.0072	0.04421	0.06803	0.04624	0.09032	0.21066	0.23327	0.16216	0.12831	0.14069	0.32771	0.87114	0.98523	1	0.98305	0.77087	0.13406	0.12747	0.07046	0.04702	0.10841	0.05496	0.05618	0.01641	0.01786	0.0144	0.01091	0.00832	0.00985	0.00879	0.00672	0.00513	0.00491	0.00456	0.00434	0.00355	0.00285	0.00725	0.00486	0.01329	0.01078	0.016	0.01895	0.01674	0.02025	0.04767	0.04321	0.03136	0.03036	0.02774	0.02604	0.02133	0.01793	0.00763	0.00248	0.0023	0.00191	0.00156	0.00202	0.00205	0.00307	0.00329	0.00516	0.00762	0.00605	0.0092	0.00793	0.00762	0.00443	0.0047	0.01625	0.01554	0.00503	0.00747	0.01765	0.01047	0.00585	0.01656	0.01797	0.01081	0.00878	0.00802	0.0134	0.00859	0.00581	0.011	0.00719	0.00792
0.00614	0.00525	0.00643	0.00351	0.0049	0.00372	0.00333	0.00536	0.00725	0.00356	0.00595	0.02005	0.03513	0.02955	0.04271	0.0649	0.10412	0.05918	0.05171	0.056	0.18576	0.26092	0.88264	0.98305	1	0.98251	0.78938	0.25598	0.13117	0.04388	0.07273	0.03126	0.01916	0.00946	0.00909	0.00872	0.00606	0.00489	0.00455	0.00417	0.00312	0.00232	0.00288	0.00277	0.00193	0.00166	0.00115	0.00183	0.00249	0.00371	0.00504	0.00967	0.01233	0.01348	0.01912	0.03679	0.02881	0.02488	0.01563	0.00838	0.01053	0.00508	0.00413	0.00186	0.00106	0.00103	0.00135	0.00129	0.00219	0.00169	0.00267	0.00252	0.00291	0.00471	0.00324	0.00603	0.00583	0.00542	0.00389	0.00364	0.00834	0.00617	0.00353	0.00376	0.00698	0.00482	0.0045	0.00958	0.01106	0.00699	0.00655	0.00607	0.00935	0.00773	0.00639	0.0108	0.00774	0.00795
0.00475	0.00406	0.00394	0.0029	0.00307	0.00289	0.0031	0.00663	0.00676	0.00463	0.0078	0.01887	0.02064	0.01691	0.02357	0.02604	0.04113	0.02448	0.0183	0.02329	0.06862	0.11804	0.27752	0.77087	0.98251	1	0.98006	0.81832	0.28906	0.07808	0.07136	0.03343	0.02436	0.00778	0.01105	0.00934	0.00767	0.0067	0.00556	0.00469	0.00426	0.0028	0.00408	0.00299	0.0022	0.00209	0.0011	0.00197	0.0028	0.00386	0.00488	0.01048	0.02001	0.03546	0.04868	0.1114	0.0496	0.03342	0.02521	0.01	0.01972	0.00743	0.01459	0.00256	0.00163	0.00117	0.00201	0.00163	0.00173	0.00143	0.00201	0.00191	0.00202	0.00335	0.00348	0.00882	0.00807	0.00792	0.00461	0.00435	0.00758	0.0057	0.0033	0.00702	0.014	0.00815	0.00746	0.02408	0.01686	0.00914	0.00854	0.00829	0.01283	0.00755	0.00612	0.00811	0.00672	0.00825
0.0048	0.0036	0.00355	0.00269	0.00308	0.00197	0.00299	0.00617	0.00754	0.00457	0.00773	0.01775	0.01751	0.01272	0.0184	0.01731	0.02109	0.01291	0.01172	0.01289	0.03096	0.03686	0.08392	0.13406	0.78938	0.98006	1	0.98169	0.86916	0.11539	0.0861	0.03093	0.01795	0.0069	0.00747	0.00762	0.00447	0.00419	0.00379	0.00291	0.00191	0.00166	0.0021	0.00181	0.00112	0.00143	0.00099	0.00128	0.00213	0.00545	0.00672	0.01812	0.05652	0.14037	0.14599	0.2413	0.09455	0.03555	0.01788	0.00611	0.00825	0.0044	0.00523	0.00212	0.0012	0.00102	0.0015	0.00121	0.00119	8e-04	0.00117	0.00166	0.00183	0.00266	0.00374	0.01006	0.00698	0.00556	0.00339	0.00402	0.00691	0.00632	0.00382	0.00748	0.02028	0.00994	0.00736	0.01873	0.01613	0.00751	0.00676	0.00765	0.0112	0.00718	0.00459	0.00516	0.00544	0.00679
0.00639	0.00502	0.00442	0.0053	0.00606	0.00482	0.00577	0.0131	0.01609	0.00973	0.0152	0.03275	0.0352	0.02233	0.02748	0.03422	0.03533	0.01842	0.02292	0.02029	0.03843	0.04171	0.06667	0.12747	0.25598	0.81832	0.98169	1	0.98179	0.80968	0.3004	0.06304	0.02637	0.01142	0.00975	0.00904	0.00642	0.00471	0.00399	0.00492	0.00221	0.00196	0.00278	0.00241	0.00229	0.00182	0.00153	0.00406	0.00529	0.01828	0.01986	0.0995	0.1733	0.35132	0.32616	0.43905	0.19618	0.04915	0.02391	0.01262	0.02523	0.00843	0.01268	0.00374	0.00312	0.00289	0.00318	0.00204	0.00138	0.001	0.00171	0.00357	0.00562	0.01767	0.01958	0.04305	0.01382	0.00808	0.00689	0.00388	0.01204	0.01235	0.00458	0.00996	0.03442	0.01429	0.00591	0.02246	0.02119	0.00943	0.00836	0.00964	0.01193	0.00929	0.00487	0.00406	0.00433	0.00481
0.00738	0.00456	0.00561	0.00738	0.0097	0.00691	0.01071	0.02157	0.02594	0.01514	0.01937	0.03273	0.02778	0.02238	0.01645	0.02168	0.03026	0.01917	0.02323	0.02568	0.04791	0.04374	0.05355	0.07046	0.13117	0.28906	0.86916	0.98179	1	0.97944	0.80986	0.06987	0.03582	0.01202	0.01109	0.00928	0.00434	0.00449	0.00293	0.00334	0.00217	0.0021	0.00222	0.00277	0.00251	0.00293	0.0018	0.00767	0.01432	0.03012	0.06817	0.20175	0.32606	0.4905	0.43188	0.61413	0.4505	0.13436	0.08749	0.0572	0.22407	0.03107	0.03672	0.0096	0.00617	0.0037	0.00286	0.00161	0.00131	0.00103	0.0016	0.00487	0.00926	0.0209	0.01544	0.02356	0.01058	0.00532	0.00469	0.00456	0.01745	0.02714	0.01144	0.02303	0.1199	0.02547	0.00791	0.02911	0.03163	0.00978	0.00895	0.0103	0.01219	0.00784	0.00376	0.0054	0.0045	0.00497
0.0109	0.00706	0.01011	0.01514	0.01945	0.01393	0.01668	0.03284	0.03952	0.02404	0.03369	0.05332	0.04335	0.0374	0.03375	0.03424	0.04761	0.03574	0.0462	0.03864	0.0576	0.03594	0.04162	0.04702	0.04388	0.07808	0.11539	0.80968	0.97944	1	0.98217	0.85811	0.06623	0.03155	0.01605	0.01585	0.00584	0.00396	0.00413	0.00656	0.00191	0.00246	0.00219	0.00287	0.00629	0.00339	0.00382	0.03089	0.04618	0.22106	0.24006	0.3031	0.36323	0.36996	0.25915	0.43972	0.69128	0.20289	0.13562	0.09712	0.25416	0.0405	0.07047	0.01074	0.00817	0.00502	0.00304	0.00154	0.00179	0.00139	0.00284	0.01883	0.03074	0.27705	0.05698	0.05207	0.01384	0.00787	0.00765	0.00472	0.01956	0.02772	0.00951	0.01131	0.05647	0.01892	0.00508	0.0269	0.03393	0.01017	0.01011	0.00982	0.01298	0.00576	0.003	0.00403	0.00386	0.00388
0.01548	0.01064	0.01717	0.0183	0.02106	0.01123	0.011	0.01745	0.0172	0.00888	0.01301	0.02096	0.01262	0.01121	0.01239	0.01717	0.02514	0.03329	0.04649	0.04847	0.08768	0.07361	0.06853	0.10841	0.07273	0.07136	0.0861	0.3004	0.80986	0.98217	1	0.98291	0.91457	0.11259	0.04122	0.01466	0.00575	0.00293	0.00406	0.00725	0.00259	0.00234	0.00205	0.00312	0.00507	0.005	0.00403	0.02922	0.06957	0.23948	0.50945	0.39789	0.42882	0.23338	0.09557	0.11511	0.35755	0.11596	0.15887	0.09483	0.16049	0.01466	0.01389	0.0046	0.00257	0.00285	0.00213	0.00269	0.00259	0.00241	0.00592	0.01577	0.01765	0.08576	0.02495	0.02231	0.01807	0.00845	0.00809	0.00593	0.03648	0.05293	0.01096	0.00971	0.04205	0.01171	0.00389	0.01277	0.01813	0.00753	0.00631	0.00594	0.01109	0.00681	0.0033	0.005	0.00433	0.00466
0.01438	0.01091	0.01547	0.02399	0.03492	0.02603	0.02214	0.04376	0.05736	0.02299	0.02723	0.04071	0.03138	0.02389	0.02557	0.03544	0.05317	0.0482	0.08294	0.06167	0.09941	0.05965	0.05569	0.05496	0.03126	0.03343	0.03093	0.06304	0.06987	0.85811	0.98291	1	0.98408	0.87375	0.17383	0.03707	0.00748	0.00485	0.00602	0.0253	0.00479	0.00706	0.00402	0.01221	0.03717	0.0164	0.02376	0.29494	0.25708	0.30172	0.43157	0.21659	0.20029	0.14861	0.05624	0.14291	0.41498	0.11841	0.13836	0.14119	0.20762	0.04055	0.07062	0.01358	0.01171	0.01033	0.00472	0.00412	0.00458	0.00455	0.01048	0.08053	0.14416	0.53168	0.06548	0.04463	0.01898	0.00996	0.01196	0.00635	0.02752	0.03587	0.00831	0.00639	0.03119	0.01441	0.00359	0.01691	0.02209	0.00713	0.00602	0.00568	0.01055	0.00692	0.00413	0.00617	0.00495	0.00384
0.01247	0.00953	0.01338	0.0125	0.01271	0.00936	0.00767	0.00949	0.0102	0.0062	0.00676	0.00732	0.00686	0.00686	0.00755	0.00987	0.01782	0.02862	0.0426	0.06113	0.09103	0.06294	0.05083	0.05618	0.01916	0.02436	0.01795	0.02637	0.03582	0.06623	0.91457	0.98408	1	0.98166	0.81546	0.0639	0.02277	0.00652	0.0094	0.01619	0.00556	0.00783	0.00629	0.01549	0.03147	0.03102	0.03927	0.23915	0.29945	0.34176	0.53533	0.20842	0.12362	0.05734	0.03015	0.09515	0.11737	0.07548	0.05613	0.05168	0.02776	0.00998	0.01409	0.0055	0.00454	0.00552	0.00343	0.00271	0.00365	0.00536	0.01841	0.07197	0.11626	0.11639	0.03456	0.01834	0.01615	0.00746	0.00932	0.0067	0.02066	0.02277	0.00535	0.00539	0.02917	0.00867	0.00322	0.0198	0.01956	0.00785	0.00658	0.00813	0.01554	0.01084	0.00517	0.00711	0.00667	0.00683
0.01044	0.00813	0.01115	0.01335	0.00985	0.00783	0.00546	0.00543	0.00619	0.00384	0.00426	0.00488	0.00525	0.00603	0.00657	0.00984	0.02034	0.03337	0.04579	0.05763	0.06639	0.03809	0.02328	0.01641	0.00946	0.00778	0.0069	0.01142	0.01202	0.03155	0.11259	0.87375	0.98166	1	0.9887	0.92833	0.07089	0.01933	0.0195	0.04196	0.01277	0.01785	0.01519	0.02688	0.04055	0.08925	0.07825	0.2008	0.28601	0.19806	0.23189	0.12796	0.05699	0.02825	0.01161	0.02792	0.02382	0.02352	0.02105	0.02276	0.01243	0.00479	0.00737	0.00611	0.01464	0.00729	0.00947	0.00874	0.00799	0.01151	0.05316	0.16581	0.27287	0.20384	0.03738	0.02561	0.01367	0.00634	0.00631	0.00615	0.01098	0.00657	0.00316	0.00245	0.00613	0.00356	0.00248	0.00874	0.00925	0.00635	0.00657	0.00859	0.01743	0.01222	0.00607	0.0082	0.00686	0.00492
0.00884	0.00877	0.01416	0.02325	0.02037	0.0167	0.01896	0.02087	0.02134	0.01208	0.01801	0.01519	0.01572	0.02079	0.02097	0.01985	0.03217	0.04856	0.05637	0.05961	0.05956	0.03457	0.02616	0.01786	0.00909	0.01105	0.00747	0.00975	0.01109	0.01605	0.04122	0.17383	0.81546	0.9887	1	0.99099	0.69482	0.04504	0.075	0.0985	0.02112	0.02018	0.0161	0.04343	0.09278	0.13954	0.12257	0.32556	0.38508	0.23051	0.22984	0.07081	0.03554	0.01345	0.00666	0.02188	0.02764	0.0235	0.04055	0.07279	0.03041	0.01757	0.0205	0.00949	0.01599	0.01055	0.0099	0.00691	0.00555	0.00567	0.02587	0.05689	0.33164	0.2418	0.16912	0.1018	0.03148	0.01128	0.01022	0.00861	0.02397	0.01501	0.00339	0.00317	0.01047	0.00468	0.00298	0.01509	0.0108	0.00773	0.01023	0.01093	0.02236	0.0152	0.00876	0.01314	0.01196	0.01003
0.00835	0.00743	0.01089	0.01435	0.01427	0.0145	0.01686	0.01987	0.02213	0.01966	0.01909	0.01319	0.01693	0.02026	0.01872	0.01805	0.03254	0.0419	0.03741	0.03946	0.03515	0.019	0.01744	0.0144	0.00872	0.00934	0.00762	0.00904	0.00928	0.01585	0.01466	0.03707	0.0639	0.92833	0.99099	1	0.9904	0.87029	0.34907	0.42557	0.06395	0.03404	0.0204	0.07303	0.08781	0.1243	0.10012	0.28479	0.30112	0.22679	0.1854	0.06059	0.01484	0.00748	0.00354	0.00953	0.0056	0.00678	0.00462	0.00732	0.00458	0.00612	0.01258	0.00823	0.0206	0.01365	0.01764	0.00734	0.00559	0.00634	0.02389	0.03532	0.30362	0.12038	0.14099	0.07845	0.02437	0.00969	0.00926	0.00698	0.01315	0.00928	0.00233	0.00431	0.01311	0.00467	0.00369	0.01841	0.01334	0.00686	0.00956	0.01173	0.01699	0.01001	0.00721	0.01002	0.00996	0.00903
0.00966	0.00783	0.01173	0.01341	0.01022	0.01061	0.0139	0.01184	0.01522	0.02259	0.02718	0.01671	0.02754	0.02599	0.02237	0.02242	0.04155	0.04609	0.03494	0.02972	0.02603	0.01631	0.01388	0.01091	0.00606	0.00767	0.00447	0.00642	0.00434	0.00584	0.00575	0.00748	0.02277	0.07089	0.69482	0.9904	1	0.99105	0.92428	0.68964	0.13889	0.06135	0.03806	0.19926	0.13824	0.12878	0.0824	0.21419	0.11745	0.06368	0.01845	0.01217	0.00387	0.00245	0.00216	0.00343	0.00273	0.00243	0.00232	0.00386	0.00272	0.00593	0.01159	0.01046	0.01829	0.01235	0.02132	0.01433	0.00895	0.00977	0.04101	0.04124	0.23151	0.05363	0.09602	0.07474	0.02684	0.01434	0.0122	0.01087	0.02273	0.01129	0.0029	0.00732	0.02815	0.00584	0.00537	0.03108	0.01512	0.00887	0.01146	0.01607	0.02498	0.01196	0.00912	0.01332	0.01462	0.01348
0.00825	0.00613	0.01166	0.01193	0.00842	0.00967	0.01346	0.01288	0.0131	0.01916	0.0257	0.01665	0.02231	0.03717	0.02826	0.02164	0.04157	0.04672	0.03746	0.03381	0.02578	0.01667	0.01335	0.00832	0.00489	0.0067	0.00419	0.00471	0.00449	0.00396	0.00293	0.00485	0.00652	0.01933	0.04504	0.87029	0.99105	1	0.99242	0.85997	0.14777	0.05265	0.02097	0.08272	0.05332	0.08457	0.06487	0.215	0.07967	0.04751	0.01135	0.0066	0.0043	0.00305	0.00264	0.0045	0.00277	0.00297	0.00305	0.00347	0.00205	0.00287	0.00941	0.00647	0.01176	0.00918	0.01505	0.01069	0.00789	0.00667	0.01487	0.00938	0.03318	0.01472	0.04623	0.03218	0.02348	0.0111	0.00957	0.01973	0.02782	0.00496	0.00208	0.00532	0.01081	0.00358	0.00317	0.01451	0.0077	0.00709	0.01373	0.0168	0.02791	0.01711	0.01147	0.01593	0.01689	0.01643
0.0086	0.00505	0.00973	0.0112	0.00812	0.00815	0.01267	0.01182	0.01331	0.01777	0.02762	0.01642	0.02782	0.057	0.03946	0.02477	0.05507	0.05602	0.04262	0.0394	0.03324	0.02162	0.01807	0.00985	0.00455	0.00556	0.00379	0.00399	0.00293	0.00413	0.00406	0.00602	0.0094	0.0195	0.075	0.34907	0.92428	0.99242	1	0.99371	0.90066	0.11008	0.0267	0.12009	0.05297	0.038	0.02201	0.06969	0.01865	0.01557	0.00575	0.00399	0.00181	0.00144	0.00162	0.00218	0.0019	0.00157	0.00109	0.00116	0.00065	0.00138	0.00561	0.00634	0.01907	0.02258	0.02321	0.01249	0.00708	0.00736	0.01406	0.00714	0.02939	0.00877	0.02682	0.01705	0.01606	0.0102	0.00984	0.02663	0.0786	0.01262	0.00273	0.02045	0.05087	0.00627	0.00437	0.0257	0.01161	0.00522	0.00984	0.01888	0.0218	0.0164	0.01089	0.01487	0.01839	0.02122
0.01269	0.00736	0.0156	0.01914	0.0173	0.01674	0.02614	0.03184	0.02785	0.05013	0.08276	0.03953	0.07223	0.14384	0.10139	0.05376	0.10615	0.11274	0.06243	0.04589	0.03793	0.02123	0.01219	0.00879	0.00417	0.00469	0.00291	0.00492	0.00334	0.00656	0.00725	0.0253	0.01619	0.04196	0.0985	0.42557	0.68964	0.85997	0.99371	1	0.9949	0.65456	0.11394	0.76914	0.44964	0.1625	0.05296	0.21053	0.0248	0.03299	0.01282	0.00845	0.00324	0.00208	0.00158	0.00256	0.00221	0.0012	0.0011	0.00175	0.00143	0.00468	0.04306	0.03093	0.11062	0.10465	0.04537	0.02833	0.01873	0.02165	0.07082	0.03685	0.25409	0.02585	0.14169	0.03168	0.03092	0.01704	0.02541	0.04084	0.218	0.10869	0.01152	0.12128	0.41835	0.05499	0.01925	0.18568	0.06854	0.01252	0.02654	0.03604	0.04416	0.0204	0.01223	0.01536	0.0175	0.01608
0.01119	0.00795	0.01514	0.01322	0.00845	0.00738	0.0107	0.0097	0.01108	0.01574	0.01915	0.01279	0.01927	0.0364	0.03823	0.02615	0.04615	0.05333	0.03878	0.03724	0.03279	0.01788	0.00966	0.00672	0.00312	0.00426	0.00191	0.00221	0.00217	0.00191	0.00259	0.00479	0.00556	0.01277	0.02112	0.06395	0.13889	0.14777	0.90066	0.9949	1	0.99497	0.97174	0.91919	0.4322	0.07283	0.01515	0.0219	0.00557	0.00377	0.00569	0.00323	0.00219	0.00157	0.00138	0.00109	0.00079	5e-04	0.00053	0.00079	0.00037	0.00084	0.0045	0.00486	0.03111	0.08606	0.06132	0.06266	0.03901	0.02609	0.04151	0.01293	0.02883	0.0067	0.01312	0.0095	0.0159	0.00822	0.01083	0.02282	0.06776	0.02448	0.00665	0.06573	0.1993	0.01616	0.00894	0.077	0.02647	0.00913	0.01595	0.02071	0.02295	0.01425	0.00995	0.01457	0.01628	0.0184
0.01085	0.00674	0.01391	0.01061	0.00682	0.00668	0.00993	0.00809	0.0089	0.01279	0.01207	0.00888	0.01341	0.02369	0.02179	0.02079	0.0387	0.04477	0.0348	0.0275	0.02612	0.0113	0.00641	0.00513	0.00232	0.0028	0.00166	0.00196	0.0021	0.00246	0.00234	0.00706	0.00783	0.01785	0.02018	0.03404	0.06135	0.05265	0.11008	0.65456	0.99497	1	0.99661	0.97346	0.65706	0.16272	0.01748	0.0432	0.00741	0.00796	0.00622	0.00662	0.00266	0.00275	0.00168	0.00186	0.00133	0.00091	0.00082	0.00104	0.00049	0.00087	0.00589	0.01208	0.05345	0.08883	0.07618	0.0838	0.04273	0.03313	0.04416	0.01111	0.03167	0.0045	0.01962	0.00729	0.02157	0.01405	0.02002	0.03449	0.11575	0.03937	0.0126	0.25473	0.53393	0.03454	0.03253	0.34452	0.11541	0.02571	0.05587	0.03559	0.02975	0.01448	0.00767	0.01348	0.01548	0.01824
0.00917	0.0061	0.00879	0.00922	0.00488	0.00449	0.0077	0.00613	0.00497	0.00682	0.00812	0.00562	0.00726	0.01434	0.01366	0.01366	0.02434	0.02438	0.02618	0.01682	0.01755	0.00927	0.00426	0.00491	0.00288	0.00408	0.0021	0.00278	0.00222	0.00219	0.00205	0.00402	0.00629	0.01519	0.0161	0.0204	0.03806	0.02097	0.0267	0.11394	0.97174	0.99661	1	0.99484	0.7858	0.12244	0.0144	0.01189	0.00386	0.0044	0.0034	0.00209	0.00123	0.00102	0.00101	0.00096	0.00093	0.00053	0.00079	0.00072	0.00034	0.00063	0.00287	0.00431	0.02198	0.13442	0.20678	0.22382	0.07087	0.05987	0.07873	0.01312	0.02155	0.00294	0.0082	0.00401	0.00714	0.00465	0.00772	0.01142	0.02546	0.01096	0.00763	0.05268	0.09612	0.01376	0.00757	0.0524	0.02004	0.00806	0.01232	0.01149	0.01245	0.00944	0.00616	0.00976	0.00976	0.01456
0.00805	0.0079	0.0157	0.02067	0.01672	0.01486	0.0267	0.01832	0.01686	0.01927	0.0205	0.01864	0.02397	0.03435	0.03085	0.03402	0.04488	0.02891	0.03328	0.02186	0.01987	0.00784	0.00354	0.00456	0.00277	0.00299	0.00181	0.00241	0.00277	0.00287	0.00312	0.01221	0.01549	0.02688	0.04343	0.07303	0.19926	0.08272	0.12009	0.76914	0.91919	0.97346	0.99484	1	0.99403	0.94858	0.03406	0.04032	0.00391	0.00423	0.00276	0.00238	0.00087	0.00102	0.00061	0.00159	0.00076	0.00048	0.00044	0.00045	0.00023	0.00085	0.00224	0.00601	0.13286	0.69651	0.73866	0.46968	0.07458	0.06438	0.10578	0.02851	0.0617	0.00645	0.03559	0.011	0.02121	0.00494	0.0119	0.00919	0.03934	0.0312	0.00794	0.03261	0.15724	0.01995	0.00825	0.04084	0.03006	0.00734	0.01057	0.01665	0.01091	0.00761	0.0055	0.01144	0.01034	0.01171
0.00778	0.00674	0.01483	0.02383	0.02428	0.02133	0.03969	0.03334	0.0273	0.03895	0.03827	0.05395	0.06152	0.06698	0.03906	0.04699	0.04816	0.02468	0.02552	0.01454	0.02054	0.00681	0.00239	0.00434	0.00193	0.0022	0.00112	0.00229	0.00251	0.00629	0.00507	0.03717	0.03147	0.04055	0.09278	0.08781	0.13824	0.05332	0.05297	0.44964	0.4322	0.65706	0.7858	0.99403	1	0.9961	0.92769	0.8505	0.02503	0.02042	0.01671	0.00409	0.00152	0.00112	0.00081	0.00081	0.00165	0.00033	0.00078	9e-04	0.00114	0.00728	0.02147	0.45532	0.8485	0.90646	0.66042	0.17811	0.02713	0.03559	0.03082	0.02873	0.08549	0.01448	0.06564	0.00724	0.01396	0.00315	0.0047	0.00376	0.04147	0.0892	0.0073	0.02732	0.67186	0.22629	0.02992	0.24073	0.29425	0.03431	0.01944	0.01447	0.01916	0.01045	0.00509	0.01189	0.00939	0.00979
0.00934	0.00722	0.01127	0.01372	0.0107	0.0068	0.00908	0.00616	0.00547	0.00652	0.00656	0.00723	0.00933	0.01277	0.00797	0.00937	0.01388	0.00783	0.00755	0.00626	0.00634	0.00419	0.00202	0.00355	0.00166	0.00209	0.00143	0.00182	0.00293	0.00339	0.005	0.0164	0.03102	0.08925	0.13954	0.1243	0.12878	0.08457	0.038	0.1625	0.07283	0.16272	0.12244	0.94858	0.9961	1	0.9949	0.6425	0.02967	0.01027	0.00525	0.00284	0.00154	0.00227	0.00155	0.00141	0.00058	0.00028	0.00028	0.00085	0.00042	0.00139	0.00889	0.51308	0.9492	0.9242	0.77425	0.09989	0.02458	0.05459	0.02267	0.02227	0.03117	0.00393	0.01059	0.00273	0.00585	0.00208	0.00298	0.0016	0.00616	0.00579	0.00219	0.00305	0.02439	0.02452	0.01877	0.03976	0.07793	0.04698	0.03539	0.01462	0.02788	0.02181	0.01082	0.01343	0.00984	0.00922
0.00612	0.00606	0.01021	0.01227	0.00862	0.0053	0.00811	0.00796	0.00699	0.00671	0.00706	0.00606	0.00572	0.00674	0.00598	0.00587	0.0061	0.00394	0.00569	0.0037	0.00457	0.00318	0.00193	0.00285	0.00115	0.0011	0.00099	0.00153	0.0018	0.00382	0.00403	0.02376	0.03927	0.07825	0.12257	0.10012	0.0824	0.06487	0.02201	0.05296	0.01515	0.01748	0.0144	0.03406	0.92769	0.9949	1	0.99417	0.93863	0.02958	0.0082	0.00235	0.00099	0.00184	0.00135	0.00107	0.00068	0.00026	0.00114	0.00044	8e-04	0.00817	0.20298	0.94662	0.95974	0.55419	0.08577	0.01638	0.00862	0.01427	0.00505	0.00921	0.00746	0.0024	0.00702	0.00278	0.00391	0.00148	0.00206	0.00069	0.00257	0.00575	0.00134	9e-04	0.00815	0.01531	0.00582	0.01196	0.05689	0.05319	0.03102	0.01445	0.02674	0.01585	0.01029	0.01106	0.0082	0.0079
0.00695	0.00784	0.01635	0.02786	0.03886	0.02079	0.03206	0.04442	0.05211	0.03644	0.0303	0.02827	0.03165	0.0277	0.01694	0.02746	0.01812	0.00751	0.01797	0.00872	0.00985	0.00682	0.00246	0.00725	0.00183	0.00197	0.00128	0.00406	0.00767	0.03089	0.02922	0.29494	0.23915	0.2008	0.32556	0.28479	0.21419	0.215	0.06969	0.21053	0.0219	0.0432	0.01189	0.04032	0.8505	0.6425	0.99417	1	0.99265	0.95129	0.08598	0.01187	0.00358	0.00331	0.00115	0.00158	0.00291	0.00121	0.00191	0.0023	0.0176	0.89603	0.95017	0.96554	0.83481	0.03373	0.00539	0.00385	0.0021	0.00306	0.00194	0.01392	0.03144	0.02652	0.30788	0.01224	0.04423	0.00653	0.0216	0.00277	0.02684	0.17814	0.00915	0.00421	0.18743	0.34086	0.01822	0.02919	0.22791	0.18524	0.02322	0.01095	0.04431	0.01572	0.00791	0.01495	0.01048	0.0101
0.00625	0.0049	0.00737	0.01164	0.01281	0.00813	0.00881	0.0108	0.01487	0.01022	0.00689	0.00697	0.00768	0.00874	0.00512	0.00718	0.00707	0.0035	0.00757	0.00573	0.00644	0.00532	0.00253	0.00486	0.00249	0.0028	0.00213	0.00529	0.01432	0.04618	0.06957	0.25708	0.29945	0.28601	0.38508	0.30112	0.11745	0.07967	0.01865	0.0248	0.00557	0.00741	0.00386	0.00391	0.02503	0.02967	0.93863	0.99265	1	0.99173	0.8779	0.13593	0.0144	0.00586	0.00206	0.00237	0.0036	0.00173	0.00414	0.00924	0.34215	0.93487	0.96142	0.7457	0.36245	0.01022	0.00542	0.00572	0.00273	0.00349	0.00316	0.07253	0.01469	0.01356	0.02031	0.00451	0.0052	0.00204	0.00406	0.00085	0.00164	0.01146	0.00388	0.00073	0.00943	0.03184	0.00396	0.00218	0.01289	0.03203	0.01427	0.00885	0.03627	0.02933	0.0178	0.02544	0.0216	0.01723
0.00819	0.0078	0.01195	0.02101	0.03653	0.02353	0.02411	0.03689	0.05151	0.03483	0.02992	0.02418	0.03187	0.02842	0.01521	0.02283	0.01607	0.00928	0.02638	0.01324	0.01353	0.01554	0.00638	0.01329	0.00371	0.00386	0.00545	0.01828	0.03012	0.22106	0.23948	0.30172	0.34176	0.19806	0.23051	0.22679	0.06368	0.04751	0.01557	0.03299	0.00377	0.00796	0.0044	0.00423	0.02042	0.01027	0.02958	0.95129	0.99173	1	0.98938	0.72447	0.04815	0.02823	0.00584	0.00668	0.00954	0.00267	0.02487	0.45437	0.92424	0.96107	0.74727	0.0443	0.00753	0.00255	0.00214	0.00135	0.00088	0.00077	0.00076	0.00391	0.0051	0.01567	0.08078	0.01719	0.08502	0.01692	0.05591	0.00397	0.02831	0.23743	0.02185	0.00395	0.0923	0.23468	0.00443	0.00582	0.03475	0.0582	0.0158	0.00923	0.04407	0.03615	0.02647	0.0291	0.02976	0.02112
0.00515	0.00482	0.00793	0.01191	0.01757	0.01074	0.00945	0.01454	0.0191	0.01704	0.01512	0.01442	0.02048	0.02013	0.01168	0.01993	0.01277	0.00803	0.01787	0.01124	0.01419	0.01181	0.00818	0.01078	0.00504	0.00488	0.00672	0.01986	0.06817	0.24006	0.50945	0.43157	0.53533	0.23189	0.22984	0.1854	0.01845	0.01135	0.00575	0.01282	0.00569	0.00622	0.0034	0.00276	0.01671	0.00525	0.0082	0.08598	0.8779	0.98938	1	0.98957	0.93494	0.54291	0.10379	0.08124	0.11304	0.06209	0.68048	0.89644	0.95783	0.8439	0.29339	0.00828	0.00392	0.00168	0.00181	0.0014	0.00079	0.00111	0.0013	0.01347	0.00832	0.04195	0.0356	0.01848	0.01582	0.0045	0.005	0.00117	0.00224	0.00771	0.00256	0.00058	0.0034	0.00937	0.00206	0.00139	0.00537	0.01016	0.00401	0.00429	0.01866	0.02118	0.01766	0.02093	0.02616	0.02094
0.00501	0.00392	0.00588	0.00877	0.00917	0.00595	0.00516	0.00828	0.00971	0.00832	0.01141	0.0094	0.01066	0.00924	0.00817	0.01374	0.00965	0.00702	0.01622	0.01192	0.01163	0.01272	0.01105	0.016	0.00967	0.01048	0.01812	0.0995	0.20175	0.3031	0.39789	0.21659	0.20842	0.12796	0.07081	0.06059	0.01217	0.0066	0.00399	0.00845	0.00323	0.00662	0.00209	0.00238	0.00409	0.00284	0.00235	0.01187	0.13593	0.72447	0.98957	1	0.99047	0.86535	0.10531	0.0485	0.11101	0.16925	0.79305	0.91929	0.76298	0.12223	0.0156	0.00435	0.00298	0.00159	0.00097	0.00087	0.00078	0.00145	0.00289	0.00614	0.0059	0.0113	0.01521	0.01075	0.01885	0.00704	0.00667	0.00159	0.0031	0.00839	0.00389	0.00098	0.00409	0.00604	0.00144	0.00198	0.00406	0.00962	0.00623	0.00696	0.02695	0.03673	0.03584	0.03314	0.03503	0.02612
