1	0.29122	0.20889	0.0764	0.0355	0.01254	0.00536	0.004	0.00268	0.00343	0.0028	0.00336	0.00427	0.00373	0.00423	0.00439	0.00419	0.00531	0.00566	0.00658	0.00575	0.00609	0.00666	0.00596	0.0062	0.00698	0.00678	0.00682	0.00703	0.00795	0.00919	0.00866	0.0082	0.00968	0.01173	0.01052	0.00893	0.00802	0.00566	0.00545	0.00452	0.0039	0.00385	0.00311	0.00332	0.00307	0.00314	0.00284	0.00312	0.00345	0.00372	0.00305	0.00323	0.00346	0.0029	0.00277	0.00263	0.00267	0.00247	0.00255	0.00237	0.00258	0.00258	0.00366	0.00418	0.00385	0.00294	0.00315	0.00311	0.00294	0.00326	0.00281	0.0028	0.00328	0.00283	0.00287	0.00279	0.00298	0.00273	0.0021	0.00234	0.00241	0.00181	0.00167	0.00204	0.00241	0.00214	0.00221	0.00237	0.00248	0.00306	0.00393	0.00418	0.00492	0.0052	0.00363	0.00338	0.00286	0.00296	0.00291	0.00219	0.00248	0.00295	0.00273	0.00306	0.00405	0.00394	0.00384	0.00339	0.00481	0.00429	0.00404	0.004	0.00363	0.0036	0.00342	0.00437	0.00503	0.00452	0.00447	0.00452	0.00471	0.00472	0.00412	0.00392	0.00361	0.00357	0.00344	0.0035	0.00292	0.00277	0.00308	0.00289	0.00309	0.00285	0.00363	0.00311	0.00359	0.00382	0.0038	0.00447	0.00425	0.00428	0.00367	0.00316	0.00314	0.003	0.00318	0.00262	0.00266	0.00249	0.00254	0.00258	0.00298	0.00374	0.00395	0.00414	0.0035	0.0032	0.00315	0.00368	0.00397	0.00374	0.00427	0.00403	0.00428	0.00354	0.00308	0.00349	0.00378	0.00383	0.00344	0.00322	0.00316	0.00506	0.00629	0.00634	0.00654	0.00551	0.00462	0.00567	0.00543	0.00454	0.00403	0.00415	0.00343	0.00321	0.00322	0.0033	0.00338	0.00318	0.00297	0.00306	0.00351	0.00424	0.00441	0.00419	0.00465	0.00411	0.00361	0.00295	0.00303	0.00306	0.0025	0.00237	0.00208	0.00249	0.00274	0.00271	0.00333	0.00341	0.00366	0.0047	0.005	0.00403	0.00392	0.00458	0.00426	0.00407	0.00407	0.00374	0.00457	0.0053	0.00436	0.00459	0.00452	0.00382	0.00349	0.00351	0.0027	0.00217	0.00239	0.00226	0.00194	0.00174	0.00186	0.00196	0.00179	0.00167	0.00195	0.00197	0.00213	0.00264	0.00266	0.00309	0.00294	0.00317	0.00358	0.00446	0.00547	0.00599	0.00725	0.00947	0.01281	0.01403	0.01128	0.0092	0.00906	0.00709	0.0058	0.00459
0.29122	1	0.38369	0.35195	0.07149	0.02756	0.00606	0.00409	0.00385	0.00364	0.00384	0.00431	0.00612	0.00535	0.00632	0.0071	0.00608	0.00799	0.01023	0.0105	0.00773	0.00873	0.01036	0.00806	0.00667	0.01103	0.00932	0.00887	0.00917	0.01198	0.01027	0.01043	0.01017	0.01018	0.01284	0.01193	0.01117	0.00813	0.00492	0.00447	0.00433	0.00373	0.0042	0.00254	0.00316	0.00274	0.0026	0.00301	0.00378	0.0038	0.00317	0.00317	0.00371	0.00394	0.00322	0.00312	0.00314	0.00336	0.00348	0.00361	0.0032	0.00314	0.00311	0.00394	0.00417	0.00467	0.00311	0.00322	0.00365	0.00334	0.00364	0.00329	0.00283	0.00354	0.00314	0.00308	0.00314	0.00345	0.00348	0.0026	0.00258	0.0026	0.00169	0.00195	0.00205	0.00259	0.0022	0.00263	0.00321	0.00295	0.00328	0.00502	0.00545	0.00468	0.00627	0.00491	0.00369	0.0035	0.00402	0.00326	0.00266	0.00362	0.00437	0.00348	0.00394	0.00606	0.00499	0.00395	0.00437	0.00676	0.0047	0.00423	0.00478	0.00444	0.00416	0.00402	0.00581	0.00644	0.00535	0.00605	0.00621	0.00623	0.00603	0.00505	0.00503	0.00457	0.00425	0.00374	0.00386	0.00385	0.00378	0.00417	0.00367	0.00424	0.00372	0.00505	0.00404	0.00435	0.00441	0.00431	0.00522	0.00448	0.00483	0.0046	0.00398	0.00407	0.00319	0.00394	0.00343	0.00371	0.00314	0.00301	0.00301	0.00319	0.00376	0.00357	0.0046	0.00412	0.00361	0.00366	0.00459	0.00535	0.00429	0.00536	0.00504	0.0046	0.00388	0.00335	0.00395	0.00446	0.00478	0.0049	0.00454	0.00519	0.00691	0.00816	0.0081	0.00817	0.00702	0.00485	0.00546	0.00485	0.00483	0.00405	0.00456	0.00369	0.00407	0.0036	0.00399	0.00429	0.00373	0.00298	0.00359	0.00385	0.00421	0.00434	0.00451	0.00467	0.00432	0.00357	0.00355	0.00366	0.00331	0.00305	0.00307	0.00253	0.00266	0.00249	0.00269	0.00336	0.00458	0.0047	0.00482	0.0055	0.00605	0.00496	0.00556	0.00656	0.00559	0.00493	0.0045	0.00622	0.00596	0.00508	0.00537	0.00572	0.0043	0.00404	0.00487	0.00346	0.00273	0.00293	0.00278	0.0024	0.00258	0.00253	0.00266	0.00261	0.00238	0.00242	0.00254	0.00325	0.00359	0.00314	0.00332	0.00407	0.00417	0.00438	0.00531	0.00717	0.00721	0.00891	0.01148	0.01583	0.01763	0.01328	0.00919	0.00772	0.00548	0.00346	0.00387
0.20889	0.38369	1	0.58096	0.40768	0.0701	0.02254	0.00771	0.0089	0.00869	0.00659	0.0092	0.01363	0.00891	0.01444	0.01373	0.01041	0.01676	0.02023	0.02122	0.01371	0.01683	0.01883	0.01661	0.0138	0.01937	0.01857	0.01788	0.02229	0.02734	0.02047	0.01694	0.01825	0.0163	0.02082	0.01734	0.01872	0.01583	0.01154	0.01305	0.01136	0.0119	0.01075	0.0058	0.00681	0.00649	0.0047	0.00569	0.00819	0.00716	0.00535	0.00506	0.00606	0.00682	0.00716	0.0074	0.00922	0.01139	0.01202	0.01107	0.01003	0.00971	0.01084	0.01268	0.01042	0.01223	0.00695	0.00844	0.00953	0.00876	0.00885	0.00887	0.00612	0.00637	0.00537	0.00605	0.0066	0.00796	0.00852	0.00692	0.00723	0.00655	0.00396	0.00456	0.00633	0.00637	0.00465	0.00606	0.00811	0.00676	0.00669	0.01165	0.01371	0.00901	0.00908	0.00906	0.00703	0.00651	0.01034	0.00731	0.00508	0.00964	0.00951	0.00586	0.00627	0.01248	0.00917	0.00691	0.00839	0.01882	0.01001	0.01061	0.01123	0.01129	0.00982	0.00991	0.01689	0.01686	0.01357	0.01593	0.01584	0.01558	0.01517	0.01113	0.0112	0.00887	0.00821	0.00792	0.00775	0.00717	0.00942	0.00957	0.01044	0.01026	0.00873	0.0099	0.00743	0.00769	0.00827	0.00815	0.01095	0.0077	0.00927	0.00759	0.00727	0.00909	0.00706	0.00955	0.00881	0.00913	0.00832	0.00667	0.00773	0.00918	0.00974	0.00801	0.0084	0.00685	0.00815	0.00904	0.01179	0.01416	0.01424	0.0157	0.01123	0.00769	0.00711	0.00634	0.00909	0.01188	0.00967	0.00831	0.00872	0.01215	0.01762	0.01735	0.01796	0.01606	0.01781	0.01448	0.01368	0.01334	0.01162	0.0089	0.01196	0.00898	0.01237	0.0112	0.01327	0.01609	0.01297	0.01051	0.01319	0.01277	0.01232	0.0091	0.009	0.00779	0.00658	0.00554	0.00693	0.00926	0.00827	0.00726	0.0082	0.00605	0.00725	0.00572	0.00588	0.00564	0.00761	0.01255	0.0091	0.00999	0.01492	0.01373	0.01235	0.01635	0.0148	0.01403	0.00878	0.01222	0.00999	0.00755	0.00918	0.0088	0.00939	0.00941	0.0102	0.00817	0.00744	0.00808	0.00575	0.00544	0.00563	0.00503	0.00491	0.00526	0.00487	0.00563	0.00505	0.00698	0.00757	0.00662	0.00748	0.00782	0.01021	0.01064	0.01417	0.0184	0.02108	0.02943	0.03107	0.03384	0.02732	0.02155	0.01287	0.01074	0.00769	0.00561	0.00456
0.0764	0.35195	0.58096	1	0.76463	0.59736	0.06455	0.02062	0.00898	0.00879	0.00619	0.00835	0.01646	0.01007	0.02147	0.02435	0.01677	0.03034	0.04988	0.033	0.02113	0.03235	0.03371	0.02488	0.02228	0.03275	0.02221	0.02078	0.02988	0.0351	0.02396	0.01795	0.01928	0.01717	0.0208	0.01651	0.01706	0.01624	0.01485	0.01649	0.01695	0.01434	0.01357	0.00818	0.00912	0.00856	0.00701	0.00583	0.00721	0.00713	0.00412	0.00465	0.00696	0.00642	0.00828	0.01174	0.01197	0.01607	0.0174	0.01903	0.01449	0.01434	0.0155	0.02	0.01575	0.01603	0.01117	0.01177	0.01392	0.01322	0.00981	0.01149	0.00882	0.00851	0.0066	0.00641	0.00826	0.00843	0.01024	0.00792	0.0082	0.00784	0.00451	0.00381	0.00758	0.00712	0.00374	0.00469	0.01003	0.00766	0.00729	0.01117	0.01497	0.01025	0.00729	0.00871	0.00622	0.00646	0.01014	0.00844	0.00555	0.00851	0.0126	0.00675	0.0072	0.01696	0.01231	0.00928	0.01077	0.02286	0.01171	0.01003	0.01214	0.01476	0.01163	0.01121	0.021	0.02314	0.01626	0.021	0.02182	0.02062	0.01867	0.01386	0.01338	0.00806	0.00802	0.00853	0.00842	0.00699	0.01005	0.00908	0.01083	0.01102	0.0104	0.01041	0.00704	0.00632	0.00723	0.0062	0.00893	0.00617	0.00816	0.00778	0.00805	0.0091	0.0087	0.01146	0.01008	0.01193	0.00872	0.00727	0.0097	0.00838	0.01017	0.00862	0.00841	0.00713	0.00971	0.01112	0.01413	0.01326	0.01644	0.01389	0.0115	0.00706	0.00628	0.00674	0.01147	0.01445	0.01045	0.00813	0.00781	0.0127	0.01817	0.01864	0.0203	0.014	0.01735	0.01541	0.01147	0.01494	0.01189	0.01083	0.01297	0.0109	0.01529	0.01436	0.01393	0.01696	0.01218	0.01175	0.0131	0.01328	0.00983	0.00733	0.00774	0.00596	0.00491	0.00475	0.00768	0.009	0.01016	0.00758	0.00827	0.00576	0.0081	0.00596	0.00743	0.00439	0.00771	0.01422	0.00837	0.00934	0.01606	0.01602	0.01033	0.01519	0.01419	0.01305	0.00748	0.01169	0.00911	0.0063	0.00778	0.00654	0.00789	0.00878	0.01056	0.00846	0.00787	0.00874	0.00712	0.00638	0.00619	0.00608	0.00512	0.00571	0.00571	0.0065	0.00623	0.00805	0.00826	0.0071	0.00836	0.00932	0.01024	0.01319	0.01705	0.02282	0.02816	0.04059	0.04462	0.0384	0.02619	0.0208	0.01191	0.00823	0.00678	0.00555	0.00449
0.0355	0.07149	0.40768	0.76463	1	0.80133	0.65534	0.05802	0.02467	0.01023	0.00842	0.01226	0.02067	0.01382	0.03837	0.05403	0.03641	0.05694	0.11169	0.07905	0.03853	0.05775	0.06635	0.03477	0.02618	0.039	0.02676	0.02141	0.03671	0.04494	0.02087	0.01609	0.01233	0.00977	0.01357	0.00848	0.01057	0.0147	0.01383	0.01845	0.01656	0.01517	0.01268	0.00786	0.00951	0.00822	0.00731	0.00559	0.00725	0.00529	0.00239	0.00282	0.00391	0.00324	0.00566	0.01117	0.01227	0.01895	0.02316	0.02506	0.02285	0.0245	0.02852	0.02508	0.01449	0.01415	0.00899	0.01248	0.01251	0.01489	0.00967	0.01205	0.00768	0.00796	0.00473	0.00561	0.00599	0.00775	0.0102	0.00783	0.00843	0.00754	0.00367	0.00298	0.00699	0.00614	0.003	0.00349	0.01017	0.00834	0.00581	0.01167	0.01683	0.00894	0.00559	0.00687	0.00451	0.0045	0.01058	0.00915	0.00439	0.00748	0.0131	0.00535	0.00619	0.01658	0.01375	0.00677	0.0099	0.02521	0.0124	0.00772	0.01156	0.0158	0.01176	0.00952	0.02335	0.02366	0.01909	0.0261	0.02921	0.02636	0.02205	0.01299	0.01369	0.0068	0.00681	0.00533	0.00739	0.00471	0.00915	0.0071	0.01066	0.00971	0.00869	0.0087	0.0051	0.00442	0.00487	0.00471	0.00676	0.00428	0.00629	0.00602	0.00711	0.00972	0.00893	0.01147	0.01001	0.01256	0.01028	0.00749	0.01003	0.01031	0.00892	0.00676	0.00606	0.00499	0.0105	0.00903	0.01992	0.01475	0.01794	0.01512	0.00788	0.00448	0.00398	0.00437	0.00685	0.01137	0.00752	0.00627	0.00746	0.01659	0.02166	0.01966	0.01954	0.01313	0.02013	0.02013	0.0118	0.01596	0.01147	0.00905	0.01324	0.0109	0.0195	0.01638	0.01999	0.02497	0.02454	0.02258	0.02968	0.01797	0.01221	0.00572	0.00566	0.00368	0.0031	0.00295	0.00579	0.00761	0.00974	0.00654	0.00889	0.00422	0.00882	0.00424	0.00724	0.00317	0.00656	0.01421	0.00522	0.00822	0.01375	0.01773	0.01003	0.01873	0.01355	0.01427	0.00566	0.00843	0.00629	0.00491	0.00513	0.00607	0.00628	0.00621	0.01047	0.00813	0.00797	0.00876	0.00659	0.00636	0.0064	0.00526	0.00516	0.00585	0.00598	0.00668	0.00572	0.0075	0.0081	0.0059	0.00718	0.0082	0.00908	0.01115	0.0169	0.02472	0.03282	0.04334	0.04849	0.03347	0.02257	0.01481	0.00781	0.00645	0.00509	0.00472	0.00353
0.01254	0.02756	0.0701	0.59736	0.80133	1	0.8151	0.65287	0.06561	0.03377	0.01407	0.02614	0.03584	0.02031	0.09347	0.14331	0.07009	0.08228	0.15286	0.09781	0.03949	0.05545	0.06253	0.03363	0.02395	0.03839	0.02997	0.02613	0.03912	0.05424	0.02045	0.01654	0.01087	0.00875	0.01482	0.00837	0.01101	0.02184	0.03249	0.03601	0.03898	0.0301	0.04096	0.01289	0.02338	0.01513	0.01634	0.00786	0.01043	0.00621	0.00271	0.00276	0.00366	0.00384	0.00785	0.02064	0.02373	0.04521	0.0447	0.05177	0.04798	0.05826	0.06044	0.04532	0.0207	0.01732	0.01194	0.02403	0.02507	0.02593	0.01465	0.02232	0.01236	0.01339	0.00686	0.00884	0.00843	0.01262	0.02315	0.01439	0.01753	0.01099	0.00537	0.00471	0.01066	0.00881	0.00387	0.0053	0.0128	0.0123	0.00657	0.01651	0.02624	0.01238	0.00752	0.00845	0.00579	0.00599	0.01828	0.01285	0.00574	0.01181	0.02013	0.00734	0.01002	0.02415	0.0244	0.0091	0.01648	0.04541	0.02078	0.01007	0.01617	0.0267	0.02048	0.01545	0.03923	0.0387	0.03433	0.04768	0.05413	0.04342	0.03231	0.01562	0.01594	0.00782	0.00774	0.00588	0.00906	0.00641	0.01439	0.01236	0.01688	0.01748	0.0151	0.01277	0.00708	0.00695	0.00689	0.00769	0.00921	0.00623	0.0095	0.00853	0.01249	0.01797	0.01665	0.01918	0.01742	0.02625	0.01988	0.01472	0.02081	0.0217	0.01599	0.01113	0.00909	0.00759	0.02146	0.02099	0.0403	0.03185	0.03294	0.02328	0.01005	0.00488	0.00469	0.00517	0.00767	0.01368	0.0086	0.00892	0.01096	0.02567	0.03068	0.03076	0.02624	0.01839	0.03976	0.03826	0.02127	0.0249	0.0174	0.0122	0.01893	0.01358	0.02973	0.0228	0.0326	0.04114	0.04885	0.04656	0.05896	0.03238	0.01923	0.007	0.00807	0.00443	0.00415	0.00385	0.00715	0.00991	0.01399	0.0105	0.01687	0.00637	0.01365	0.00592	0.01183	0.00454	0.01147	0.02633	0.00726	0.01203	0.02704	0.03023	0.01878	0.03649	0.02627	0.03344	0.0098	0.01683	0.00917	0.00802	0.00788	0.00995	0.01116	0.0092	0.01614	0.01149	0.01072	0.01197	0.00993	0.0095	0.01031	0.00769	0.00813	0.00991	0.00987	0.01138	0.00932	0.0142	0.01413	0.01038	0.0127	0.01379	0.01624	0.0205	0.0313	0.04534	0.0571	0.06713	0.06056	0.03191	0.02035	0.016	0.00816	0.00702	0.00642	0.00529	0.00339
0.00536	0.00606	0.02254	0.06455	0.65534	0.8151	1	0.82543	0.63979	0.07632	0.0419	0.05443	0.05997	0.03387	0.15735	0.28891	0.09423	0.14483	0.32718	0.13446	0.04656	0.09907	0.10328	0.03963	0.04061	0.05569	0.03895	0.03403	0.04584	0.04798	0.01757	0.01207	0.00874	0.00601	0.00999	0.00731	0.00827	0.01706	0.02844	0.041	0.03755	0.03583	0.042	0.01894	0.01924	0.01416	0.01125	0.00605	0.007	0.00445	0.00169	0.00194	0.00307	0.00279	0.00803	0.02056	0.02827	0.05117	0.06438	0.05887	0.06147	0.07284	0.07531	0.04984	0.02321	0.0187	0.01304	0.02842	0.02775	0.02799	0.01229	0.01722	0.0094	0.00979	0.00476	0.00663	0.00678	0.00946	0.01758	0.01021	0.01059	0.00816	0.00452	0.00325	0.00884	0.007	0.00331	0.00421	0.01089	0.00844	0.00461	0.00996	0.01771	0.00723	0.00402	0.00585	0.00406	0.00431	0.01222	0.01111	0.00395	0.00823	0.01399	0.00571	0.00631	0.01713	0.01515	0.0072	0.01143	0.03076	0.0148	0.00802	0.01107	0.01963	0.01522	0.01078	0.03084	0.03159	0.03284	0.04908	0.05453	0.0417	0.02688	0.01087	0.01043	0.00497	0.00474	0.00417	0.00661	0.00465	0.01071	0.00741	0.01152	0.00814	0.00897	0.00726	0.00494	0.00477	0.00516	0.00526	0.00763	0.00462	0.00701	0.00698	0.00995	0.01319	0.01489	0.01385	0.01142	0.01362	0.01353	0.01234	0.01596	0.0176	0.01414	0.00822	0.00598	0.0055	0.01464	0.01641	0.03114	0.02076	0.02226	0.01543	0.00769	0.00345	0.00345	0.00383	0.00557	0.0096	0.00595	0.0051	0.00645	0.01276	0.01614	0.016	0.01554	0.0115	0.03148	0.03557	0.01926	0.0243	0.01579	0.01098	0.01661	0.01069	0.02277	0.01852	0.03405	0.04522	0.05601	0.05215	0.07824	0.03266	0.018	0.00535	0.0063	0.00322	0.00269	0.00275	0.00482	0.00637	0.00973	0.00602	0.00975	0.00391	0.00801	0.00442	0.00766	0.00313	0.00779	0.01604	0.00539	0.00857	0.02008	0.02466	0.01629	0.02684	0.02058	0.02366	0.0061	0.00968	0.00636	0.00534	0.0052	0.00637	0.00641	0.00645	0.0091	0.00767	0.00766	0.00869	0.00672	0.00699	0.00785	0.00628	0.00645	0.00902	0.00837	0.01148	0.00886	0.01438	0.01291	0.00881	0.01162	0.01025	0.01249	0.01632	0.02755	0.03479	0.0481	0.05271	0.04504	0.02086	0.01137	0.01059	0.00644	0.00498	0.00536	0.00463	0.00277
0.004	0.00409	0.00771	0.02062	0.05802	0.65287	0.82543	1	0.86624	0.64901	0.14459	0.26054	0.17811	0.09432	0.26408	0.31006	0.06439	0.06666	0.17463	0.05824	0.02001	0.03166	0.03487	0.01614	0.01752	0.03222	0.02996	0.02796	0.04544	0.0487	0.02118	0.01635	0.01247	0.00919	0.01387	0.00943	0.0123	0.02483	0.02937	0.03491	0.039	0.03732	0.04701	0.02122	0.02424	0.01447	0.01425	0.00717	0.00798	0.00454	0.002	0.00247	0.00439	0.00455	0.0125	0.02646	0.03308	0.05448	0.05498	0.06449	0.06718	0.08089	0.06764	0.04586	0.02539	0.0206	0.01391	0.02004	0.02021	0.01608	0.01082	0.01347	0.00959	0.00933	0.00609	0.00784	0.00813	0.00916	0.01332	0.0076	0.00835	0.00691	0.00451	0.00397	0.00978	0.00941	0.00474	0.00515	0.01511	0.00991	0.00543	0.01202	0.01927	0.00786	0.00414	0.0075	0.00404	0.00541	0.01585	0.01195	0.00459	0.01417	0.02251	0.00747	0.00893	0.02596	0.01825	0.00879	0.01446	0.03475	0.01641	0.01099	0.01669	0.02665	0.01975	0.01756	0.04567	0.05461	0.05662	0.07928	0.0775	0.05321	0.03308	0.01485	0.01569	0.00689	0.0064	0.0055	0.00661	0.00509	0.00646	0.00446	0.00638	0.00543	0.00614	0.006	0.00556	0.00593	0.00672	0.00729	0.00955	0.00622	0.0102	0.00787	0.01034	0.01108	0.00888	0.00918	0.00822	0.01014	0.01013	0.01043	0.01636	0.01678	0.01631	0.01049	0.00905	0.00908	0.01838	0.01598	0.01844	0.01193	0.01413	0.00877	0.00493	0.00299	0.00353	0.0035	0.00474	0.00675	0.00454	0.00368	0.00566	0.00965	0.01268	0.01254	0.01291	0.01036	0.0259	0.03045	0.02041	0.029	0.01956	0.01521	0.01921	0.01182	0.01869	0.018	0.02572	0.03317	0.03751	0.03777	0.04337	0.02473	0.01471	0.00669	0.00713	0.00464	0.00367	0.00308	0.00596	0.0066	0.00718	0.00492	0.00605	0.0035	0.00576	0.0037	0.00704	0.00327	0.00894	0.01481	0.00509	0.0107	0.01943	0.02036	0.01241	0.01654	0.01498	0.01922	0.00599	0.00841	0.00778	0.00634	0.00699	0.0077	0.0076	0.00832	0.01188	0.00932	0.00895	0.00999	0.00801	0.00915	0.00978	0.00783	0.00793	0.00983	0.00891	0.01044	0.00955	0.013	0.01351	0.00989	0.01167	0.01119	0.01376	0.02045	0.03324	0.04399	0.05976	0.05488	0.03789	0.01982	0.01166	0.01048	0.00748	0.00641	0.00685	0.00459	0.0027
0.00268	0.00385	0.0089	0.00898	0.02467	0.06561	0.63979	0.86624	1	0.92484	0.75948	0.59041	0.47722	0.19273	0.56107	0.52131	0.09702	0.09818	0.22432	0.08137	0.02746	0.0495	0.05697	0.03024	0.03115	0.04752	0.04773	0.04101	0.0565	0.05736	0.0258	0.017	0.0119	0.00887	0.01538	0.01055	0.01189	0.02417	0.03068	0.03349	0.03885	0.0398	0.04417	0.02563	0.02676	0.02209	0.01667	0.01052	0.01126	0.00658	0.00242	0.00315	0.00585	0.00564	0.0158	0.02685	0.03656	0.05225	0.05858	0.05788	0.06304	0.06881	0.06208	0.04002	0.02811	0.02383	0.01483	0.02087	0.02477	0.01888	0.01132	0.01708	0.00963	0.01068	0.00563	0.00971	0.00691	0.01058	0.01176	0.0083	0.00924	0.00975	0.00655	0.00574	0.01568	0.01262	0.00711	0.00692	0.01446	0.01122	0.00524	0.01136	0.0151	0.00781	0.00524	0.00782	0.00448	0.0051	0.01854	0.01455	0.0051	0.01761	0.02766	0.0094	0.01027	0.0291	0.02306	0.008	0.01399	0.03581	0.0173	0.00993	0.01656	0.02684	0.02121	0.01753	0.04572	0.05191	0.05066	0.06055	0.06157	0.04689	0.02951	0.01306	0.01506	0.00748	0.00694	0.00659	0.00859	0.00578	0.01163	0.00668	0.01052	0.0073	0.0096	0.00889	0.00752	0.00714	0.00729	0.00916	0.01116	0.00691	0.01139	0.00955	0.01206	0.01622	0.01344	0.01299	0.01009	0.01372	0.01365	0.01454	0.01717	0.01919	0.01951	0.01456	0.01252	0.01153	0.02231	0.01583	0.02037	0.01043	0.01238	0.01059	0.00474	0.00337	0.00307	0.00336	0.00409	0.00652	0.00477	0.00466	0.00639	0.01201	0.01548	0.01563	0.01436	0.01182	0.0295	0.03238	0.01905	0.0265	0.02024	0.01583	0.0212	0.01546	0.02639	0.01939	0.03381	0.03864	0.0495	0.04403	0.0549	0.02219	0.01919	0.00845	0.01057	0.00479	0.0042	0.00339	0.00599	0.00818	0.00805	0.00579	0.00774	0.0045	0.00815	0.00504	0.00973	0.00414	0.012	0.0201	0.00617	0.01012	0.02011	0.02281	0.01234	0.01567	0.01081	0.0161	0.00558	0.01036	0.0077	0.00785	0.00627	0.00828	0.00776	0.00766	0.01185	0.00885	0.01073	0.01231	0.01044	0.01103	0.01365	0.00902	0.00892	0.01279	0.01281	0.01425	0.01163	0.01977	0.01939	0.01389	0.01667	0.0157	0.02083	0.02192	0.04472	0.0564	0.06967	0.05283	0.03682	0.01684	0.01182	0.01003	0.00716	0.00609	0.0071	0.00637	0.00321
0.00343	0.00364	0.00869	0.00879	0.01023	0.03377	0.07632	0.64901	0.92484	1	0.96634	0.88258	0.34538	0.13569	0.35515	0.33961	0.03535	0.04629	0.09551	0.03493	0.01506	0.02366	0.02627	0.0185	0.01953	0.02829	0.03006	0.0303	0.03616	0.04113	0.02154	0.01576	0.01161	0.01026	0.01501	0.01144	0.01173	0.01779	0.01841	0.02048	0.0287	0.03046	0.03583	0.02369	0.02569	0.02043	0.0178	0.00985	0.01063	0.00636	0.00333	0.00407	0.00634	0.00712	0.01636	0.02025	0.02632	0.04172	0.03951	0.04537	0.04779	0.05263	0.04559	0.03488	0.02549	0.02171	0.01342	0.01545	0.0184	0.01397	0.01084	0.01262	0.00997	0.01062	0.00679	0.00937	0.00818	0.00868	0.00905	0.00614	0.00924	0.00993	0.00886	0.00939	0.01729	0.01573	0.00888	0.01112	0.01847	0.01175	0.0066	0.01415	0.0171	0.00876	0.0071	0.00994	0.00689	0.00781	0.02063	0.01589	0.00706	0.02177	0.02993	0.01099	0.0126	0.0339	0.01893	0.00873	0.01304	0.02879	0.0154	0.01084	0.01764	0.02799	0.02138	0.02094	0.04558	0.0482	0.04147	0.04792	0.03497	0.03004	0.0238	0.01274	0.01354	0.00819	0.00728	0.00708	0.00803	0.00583	0.00773	0.00648	0.00613	0.00714	0.01001	0.00993	0.0095	0.00881	0.00916	0.01034	0.01183	0.00825	0.01104	0.0098	0.01039	0.0099	0.00866	0.0092	0.00712	0.01031	0.00886	0.01219	0.01473	0.01498	0.01757	0.01647	0.01491	0.01344	0.01604	0.01202	0.01151	0.00934	0.0095	0.0103	0.00649	0.00417	0.00407	0.00455	0.00511	0.0065	0.00477	0.00495	0.00652	0.00907	0.01084	0.0106	0.01127	0.01081	0.01917	0.01928	0.01746	0.02404	0.01981	0.01733	0.01926	0.01343	0.01771	0.01527	0.01802	0.02474	0.02393	0.02522	0.0284	0.01809	0.0134	0.00795	0.01045	0.0055	0.00521	0.00386	0.00561	0.00548	0.00585	0.00418	0.00544	0.00396	0.00625	0.00526	0.00875	0.0056	0.01179	0.01595	0.0066	0.01025	0.01758	0.01408	0.00966	0.01159	0.01019	0.01359	0.00645	0.0139	0.01248	0.01129	0.00858	0.01035	0.01004	0.00938	0.01455	0.01193	0.01127	0.01279	0.01292	0.01207	0.01286	0.01026	0.00938	0.01199	0.01093	0.01288	0.01161	0.01657	0.01744	0.01281	0.01616	0.01532	0.02033	0.02218	0.03666	0.04556	0.05082	0.04314	0.02808	0.01775	0.01346	0.01287	0.00911	0.00728	0.00686	0.00545	0.00358
0.0028	0.00384	0.00659	0.00619	0.00842	0.01407	0.0419	0.14459	0.75948	0.96634	1	0.97731	0.66215	0.18833	0.46361	0.27374	0.01481	0.01177	0.04366	0.01365	0.00753	0.01405	0.0183	0.01048	0.01291	0.0198	0.01962	0.01931	0.02513	0.02805	0.01544	0.01313	0.01038	0.00935	0.01209	0.00931	0.00913	0.01101	0.00976	0.01053	0.0174	0.01977	0.02322	0.01786	0.01725	0.01301	0.00947	0.00813	0.00697	0.00554	0.00351	0.00506	0.00661	0.00637	0.01266	0.0133	0.01851	0.02473	0.0257	0.028	0.02522	0.02788	0.02541	0.01928	0.01648	0.01552	0.00826	0.00868	0.00943	0.00761	0.00722	0.00764	0.00622	0.00738	0.00531	0.00682	0.00612	0.00633	0.00545	0.00461	0.00729	0.00948	0.00982	0.01057	0.01532	0.01427	0.00937	0.01101	0.01552	0.00846	0.00521	0.01074	0.01303	0.00725	0.00631	0.00841	0.00575	0.0065	0.01499	0.01028	0.00628	0.022	0.02306	0.00891	0.01162	0.02702	0.0126	0.00669	0.01087	0.01846	0.01023	0.00942	0.01505	0.02032	0.01629	0.01899	0.0378	0.03729	0.03047	0.03326	0.02511	0.02032	0.01837	0.01076	0.0106	0.00679	0.00676	0.00685	0.00593	0.00475	0.00517	0.00442	0.00454	0.0055	0.00805	0.00912	0.00998	0.00882	0.00898	0.00885	0.00934	0.00685	0.00847	0.00668	0.00653	0.00521	0.0042	0.00441	0.00433	0.00515	0.00453	0.00614	0.00905	0.0096	0.01177	0.01203	0.01343	0.01053	0.01066	0.00718	0.00614	0.00533	0.0058	0.00648	0.00568	0.0038	0.0039	0.00406	0.00424	0.0058	0.0045	0.00452	0.00576	0.0068	0.00796	0.00758	0.00813	0.00723	0.01192	0.01107	0.0115	0.01529	0.0155	0.0118	0.01258	0.00815	0.00845	0.00686	0.00779	0.00861	0.00832	0.00707	0.00871	0.0066	0.0073	0.00525	0.00651	0.00521	0.00469	0.00363	0.00403	0.00338	0.0032	0.00253	0.00289	0.0026	0.00395	0.0034	0.00583	0.00425	0.00758	0.00821	0.005	0.00766	0.00975	0.00826	0.00535	0.00675	0.00548	0.00902	0.00532	0.01002	0.01044	0.00968	0.00778	0.00879	0.00802	0.00807	0.01132	0.00964	0.00806	0.00927	0.00906	0.00826	0.00815	0.00706	0.00673	0.00737	0.00617	0.0061	0.00664	0.00772	0.00833	0.00652	0.00841	0.00865	0.01037	0.01144	0.01619	0.02229	0.02431	0.02229	0.01561	0.01315	0.0117	0.01138	0.00871	0.00786	0.00674	0.00464	0.00366
0.00336	0.00431	0.0092	0.00835	0.01226	0.02614	0.05443	0.26054	0.59041	0.88258	0.97731	1	0.98298	0.95634	0.87686	0.85683	0.0404	0.01079	0.02032	0.02029	0.00899	0.01906	0.02754	0.01392	0.01295	0.02352	0.02249	0.02183	0.03138	0.03947	0.01844	0.01444	0.0096	0.00836	0.01024	0.00745	0.00698	0.0104	0.01005	0.01214	0.02146	0.03008	0.03595	0.02587	0.03209	0.02088	0.0145	0.01204	0.01094	0.00612	0.00371	0.00446	0.00588	0.00498	0.01009	0.01329	0.01712	0.03263	0.03224	0.03886	0.02826	0.03265	0.0337	0.02536	0.01855	0.01624	0.00914	0.01162	0.01475	0.01139	0.01052	0.01085	0.00778	0.00934	0.0059	0.00766	0.00653	0.00705	0.00793	0.00631	0.01149	0.01318	0.01312	0.01499	0.02428	0.02171	0.01228	0.0123	0.01776	0.01133	0.00544	0.01252	0.01641	0.01056	0.00718	0.00913	0.0061	0.00751	0.0193	0.01245	0.00741	0.03012	0.03236	0.01064	0.01515	0.03513	0.0176	0.007	0.01358	0.02928	0.01382	0.01032	0.01968	0.03073	0.0233	0.02351	0.05213	0.04305	0.03316	0.03715	0.03256	0.02779	0.02436	0.01212	0.01285	0.00719	0.00739	0.00638	0.00694	0.00532	0.007	0.00563	0.00764	0.00825	0.0113	0.01145	0.00957	0.00775	0.00799	0.008	0.00901	0.00599	0.00954	0.00733	0.00796	0.00751	0.0064	0.00695	0.00642	0.0087	0.00678	0.00773	0.01196	0.01385	0.01501	0.01316	0.01508	0.01036	0.0133	0.00906	0.00916	0.00637	0.00859	0.00964	0.00623	0.00424	0.00423	0.00409	0.00404	0.00608	0.00449	0.00497	0.00624	0.00879	0.01078	0.00925	0.00991	0.00782	0.01414	0.01415	0.01262	0.01877	0.01838	0.0168	0.01724	0.01229	0.01368	0.0096	0.01169	0.0135	0.01218	0.01038	0.01078	0.00705	0.00804	0.00508	0.0065	0.0044	0.00404	0.00331	0.00403	0.0038	0.00406	0.0036	0.00408	0.00323	0.0056	0.00381	0.00665	0.00442	0.00807	0.00935	0.0046	0.00786	0.01128	0.01085	0.00647	0.00855	0.00762	0.01169	0.00651	0.01233	0.01187	0.01139	0.00833	0.01017	0.01028	0.00912	0.01497	0.01243	0.01117	0.01337	0.01303	0.0121	0.01296	0.00996	0.00963	0.0105	0.00918	0.00909	0.00957	0.0124	0.0116	0.00901	0.01161	0.01215	0.01433	0.01408	0.02254	0.02888	0.03283	0.02936	0.01889	0.01322	0.01246	0.01191	0.00883	0.00832	0.00704	0.0051	0.00402
0.00427	0.00612	0.01363	0.01646	0.02067	0.03584	0.05997	0.17811	0.47722	0.34538	0.66215	0.98298	1	0.98612	0.95304	0.92302	0.86122	0.02243	0.01012	0.00822	0.01055	0.01146	0.01452	0.01373	0.00989	0.01025	0.01295	0.01112	0.01521	0.02346	0.01375	0.01082	0.00842	0.00755	0.00915	0.00586	0.00602	0.01003	0.01338	0.01649	0.02926	0.0345	0.04421	0.02585	0.0358	0.02677	0.01706	0.01557	0.01233	0.00683	0.00312	0.0036	0.00519	0.00448	0.0082	0.01362	0.01685	0.04013	0.03656	0.04564	0.03369	0.03516	0.03613	0.02777	0.01874	0.0186	0.01085	0.01721	0.02298	0.01745	0.01338	0.01523	0.00978	0.01098	0.00625	0.00973	0.00825	0.00904	0.01419	0.01049	0.01593	0.0204	0.01687	0.01793	0.03462	0.02717	0.01272	0.01452	0.02201	0.01473	0.00693	0.01625	0.02416	0.01348	0.00733	0.00926	0.00647	0.00694	0.02244	0.01712	0.00727	0.02896	0.04501	0.01176	0.01652	0.04064	0.02383	0.00855	0.0151	0.0375	0.01852	0.01095	0.02061	0.03364	0.02638	0.01934	0.05245	0.04289	0.03134	0.03586	0.03625	0.02955	0.02547	0.01043	0.01281	0.00645	0.00658	0.006	0.00852	0.00628	0.00941	0.00794	0.01167	0.01352	0.0159	0.01247	0.00863	0.00687	0.00708	0.00707	0.00933	0.00577	0.00883	0.00848	0.00868	0.01057	0.01043	0.01081	0.00858	0.01175	0.00936	0.01102	0.01325	0.01968	0.01838	0.01577	0.01472	0.01137	0.02048	0.01329	0.01688	0.01002	0.0124	0.01477	0.00712	0.00429	0.00386	0.00454	0.00519	0.00808	0.00487	0.00539	0.00641	0.01127	0.01319	0.01091	0.01033	0.00761	0.01726	0.02012	0.01521	0.02025	0.02059	0.02199	0.0289	0.02004	0.02821	0.01756	0.01969	0.02502	0.02056	0.01574	0.01856	0.00923	0.01028	0.00507	0.00728	0.00407	0.00381	0.00299	0.00507	0.00571	0.00707	0.00537	0.0068	0.00513	0.00861	0.00516	0.0084	0.00464	0.00852	0.01333	0.00444	0.00707	0.01252	0.01495	0.00721	0.01146	0.01095	0.01963	0.00793	0.01682	0.01328	0.01242	0.00934	0.01054	0.01135	0.01022	0.01832	0.01309	0.013	0.01658	0.01303	0.01068	0.01478	0.0102	0.00961	0.01263	0.0114	0.01129	0.0095	0.01648	0.01389	0.01008	0.01313	0.01275	0.01651	0.01302	0.02814	0.03689	0.0411	0.03578	0.02261	0.01312	0.01134	0.01099	0.00824	0.00678	0.00719	0.00599	0.00502
0.00373	0.00535	0.00891	0.01007	0.01382	0.02031	0.03387	0.09432	0.19273	0.13569	0.18833	0.95634	0.98612	1	0.97768	0.96911	0.92469	0.90015	0.03002	0.00844	0.00614	0.01307	0.00936	0.0081	0.0107	0.00699	0.00622	0.00513	0.00679	0.00974	0.00688	0.00729	0.00608	0.0056	0.0068	0.00504	0.0046	0.00992	0.01157	0.01622	0.02717	0.03095	0.03503	0.02185	0.02723	0.01941	0.01686	0.01155	0.00949	0.00485	0.00244	0.00268	0.00407	0.00317	0.00722	0.01165	0.01472	0.03408	0.0293	0.0371	0.02441	0.03047	0.02601	0.01859	0.01358	0.01654	0.01036	0.01899	0.02233	0.01811	0.01379	0.01491	0.0089	0.00911	0.00528	0.00745	0.00699	0.00772	0.01461	0.01167	0.0178	0.02263	0.01931	0.01736	0.03323	0.03102	0.01416	0.01302	0.02231	0.01647	0.00769	0.0149	0.02637	0.01568	0.00691	0.00854	0.00529	0.00602	0.01654	0.01327	0.00614	0.02086	0.03734	0.01224	0.01556	0.03279	0.01943	0.00867	0.01472	0.02858	0.01754	0.01055	0.01811	0.03003	0.0247	0.01546	0.04078	0.039	0.02652	0.03175	0.03818	0.0301	0.02376	0.0097	0.01366	0.00598	0.0067	0.0058	0.00893	0.00662	0.00959	0.00722	0.01048	0.0118	0.01416	0.01165	0.00779	0.00582	0.006	0.0048	0.00594	0.00445	0.00706	0.00617	0.00751	0.00789	0.00751	0.00778	0.00753	0.00821	0.0069	0.0079	0.00938	0.01398	0.01323	0.01051	0.01117	0.00788	0.01502	0.01027	0.01527	0.00855	0.01211	0.01109	0.00532	0.00345	0.00409	0.0044	0.00511	0.00781	0.00497	0.00478	0.00593	0.00906	0.01012	0.00899	0.00848	0.00581	0.01331	0.01534	0.01193	0.01683	0.01841	0.02086	0.03203	0.0234	0.02605	0.0173	0.01414	0.01603	0.01209	0.01049	0.01252	0.00688	0.00776	0.00389	0.00539	0.00353	0.00337	0.00263	0.00535	0.00507	0.00664	0.00431	0.00547	0.00364	0.00613	0.00377	0.00641	0.00316	0.00595	0.00925	0.00388	0.00639	0.01013	0.01244	0.006	0.00812	0.00843	0.01665	0.0072	0.01308	0.01129	0.01014	0.00831	0.00839	0.00913	0.00917	0.01526	0.01113	0.01063	0.01207	0.00924	0.00906	0.01138	0.00818	0.00768	0.00968	0.00784	0.00737	0.00715	0.01131	0.00959	0.00677	0.00814	0.00864	0.01014	0.009	0.01703	0.02403	0.02905	0.03095	0.01926	0.0116	0.00913	0.00902	0.0063	0.00466	0.00464	0.0035	0.00314
0.00423	0.00632	0.01444	0.02147	0.03837	0.09347	0.15735	0.26408	0.56107	0.35515	0.46361	0.87686	0.95304	0.97768	1	0.97574	0.9715	0.94432	0.92103	0.03415	0.01147	0.01271	0.01628	0.00732	0.01119	0.01173	0.00657	0.00412	0.00773	0.01067	0.00498	0.00567	0.00515	0.00492	0.0064	0.00437	0.00454	0.00945	0.01547	0.02088	0.03601	0.03994	0.0524	0.02692	0.04819	0.02745	0.02563	0.01787	0.01134	0.00563	0.0026	0.00326	0.00429	0.00333	0.00795	0.01844	0.01898	0.05587	0.0456	0.04332	0.0246	0.03181	0.0315	0.01575	0.01011	0.01439	0.00969	0.01954	0.02236	0.02271	0.01418	0.01609	0.00786	0.00936	0.00428	0.00761	0.00586	0.01008	0.01751	0.01428	0.02246	0.02638	0.0217	0.01945	0.03786	0.03212	0.01426	0.01138	0.01784	0.01737	0.00726	0.0148	0.02331	0.01457	0.00666	0.00719	0.00469	0.00458	0.01612	0.01235	0.00476	0.01796	0.03472	0.01058	0.01603	0.03104	0.02663	0.00867	0.01928	0.03585	0.01939	0.01058	0.01968	0.03417	0.02603	0.0159	0.05247	0.04468	0.03471	0.04286	0.05619	0.04282	0.03705	0.012	0.01644	0.00726	0.00833	0.00597	0.01014	0.00722	0.01282	0.00765	0.01281	0.0107	0.01354	0.0115	0.00699	0.0056	0.00488	0.00531	0.00504	0.00368	0.00542	0.00531	0.00656	0.00978	0.00984	0.00982	0.00839	0.0106	0.01006	0.00839	0.0094	0.01612	0.01094	0.00948	0.0102	0.00755	0.01648	0.00997	0.01958	0.0079	0.01097	0.00946	0.00434	0.00287	0.00362	0.00404	0.00423	0.00678	0.005	0.00509	0.00689	0.0125	0.01222	0.00936	0.00941	0.00568	0.01466	0.01576	0.00916	0.01342	0.0153	0.01617	0.02897	0.02405	0.02823	0.01932	0.01687	0.01521	0.01336	0.01073	0.01187	0.00536	0.00781	0.00362	0.0046	0.00276	0.00289	0.00245	0.0043	0.00587	0.00662	0.00541	0.00602	0.00384	0.00725	0.00314	0.00575	0.0028	0.00643	0.0094	0.00365	0.00684	0.0109	0.01235	0.00616	0.01069	0.00834	0.01724	0.00618	0.01385	0.01105	0.01072	0.00726	0.00927	0.00945	0.00792	0.01549	0.01132	0.01251	0.01855	0.01368	0.01453	0.0236	0.01501	0.01247	0.01991	0.01637	0.01139	0.01025	0.01858	0.01528	0.00834	0.01091	0.01054	0.01252	0.00985	0.01831	0.02083	0.02496	0.02172	0.0135	0.00744	0.00655	0.00607	0.00445	0.00344	0.00378	0.00297	0.00206
0.00439	0.0071	0.01373	0.02435	0.05403	0.14331	0.28891	0.31006	0.52131	0.33961	0.27374	0.85683	0.92302	0.96911	0.97574	1	0.97955	0.96751	0.93033	0.92177	0.03289	0.01478	0.00894	0.00915	0.00672	0.0114	0.00911	0.00421	0.00535	0.01331	0.00485	0.00478	0.00618	0.00696	0.00892	0.00515	0.00589	0.01638	0.02361	0.02926	0.04438	0.04859	0.04917	0.02395	0.05033	0.03118	0.02523	0.01945	0.01415	0.00517	0.00238	0.00279	0.00423	0.00291	0.00966	0.02109	0.02055	0.06117	0.04387	0.0449	0.02198	0.02927	0.03289	0.01686	0.00938	0.01351	0.01022	0.02692	0.02432	0.02441	0.0127	0.01654	0.00749	0.00931	0.004	0.00736	0.00599	0.00965	0.01938	0.0126	0.02261	0.02301	0.01731	0.01405	0.03124	0.03174	0.01262	0.01041	0.01968	0.02172	0.00743	0.01516	0.02855	0.01528	0.00637	0.00724	0.00454	0.00468	0.01714	0.0137	0.00496	0.01797	0.04099	0.01086	0.01433	0.03616	0.0363	0.00999	0.01919	0.04419	0.02324	0.0104	0.02016	0.03886	0.02944	0.0151	0.05252	0.04821	0.03522	0.04429	0.06747	0.04732	0.04329	0.01293	0.01611	0.00705	0.0079	0.00638	0.01296	0.0088	0.01446	0.00794	0.01251	0.01105	0.01233	0.01161	0.00667	0.0052	0.0054	0.00482	0.00482	0.00328	0.00479	0.00521	0.00755	0.01032	0.01215	0.01247	0.00954	0.0126	0.01266	0.00872	0.00974	0.01718	0.0113	0.00976	0.01055	0.00808	0.02012	0.01176	0.0231	0.0079	0.01225	0.00899	0.00375	0.00245	0.00277	0.00336	0.00445	0.00691	0.0045	0.00483	0.00684	0.01196	0.01062	0.00872	0.00901	0.00556	0.01408	0.01713	0.00996	0.01395	0.01404	0.01707	0.03205	0.02575	0.03467	0.0223	0.01809	0.01717	0.01367	0.00921	0.01162	0.0052	0.00637	0.00308	0.00424	0.00243	0.00249	0.00225	0.00419	0.00581	0.00783	0.00607	0.00653	0.00394	0.00748	0.00346	0.00742	0.00275	0.00642	0.01084	0.00337	0.00642	0.01099	0.01277	0.00579	0.01052	0.0096	0.02	0.00621	0.01469	0.01136	0.01041	0.00697	0.0083	0.00905	0.00795	0.01629	0.01203	0.01298	0.02182	0.01907	0.01879	0.03557	0.0246	0.01863	0.03425	0.02875	0.01547	0.01261	0.02042	0.01743	0.00881	0.01067	0.01228	0.01481	0.01203	0.02174	0.02753	0.03008	0.02652	0.01388	0.00656	0.00567	0.00541	0.00334	0.00273	0.00291	0.00225	0.00169
0.00419	0.00608	0.01041	0.01677	0.03641	0.07009	0.09423	0.06439	0.09702	0.03535	0.01481	0.0404	0.86122	0.92469	0.9715	0.97955	1	0.98178	0.9672	0.9217	0.88528	0.02147	0.00684	0.00307	0.00381	0.00265	0.00267	0.00191	0.00167	0.0037	0.00236	0.00272	0.00323	0.00357	0.00542	0.00348	0.00408	0.00917	0.01564	0.01716	0.022	0.02055	0.02271	0.01057	0.02234	0.01787	0.01991	0.01178	0.01007	0.00441	0.00196	0.00261	0.00388	0.00311	0.00831	0.01908	0.01722	0.04538	0.0287	0.02742	0.01633	0.02156	0.02567	0.01472	0.01091	0.01334	0.00907	0.02573	0.02503	0.02387	0.01284	0.01785	0.008	0.01043	0.00435	0.00855	0.00711	0.00934	0.02154	0.01076	0.02166	0.02012	0.01488	0.01067	0.02629	0.02858	0.01093	0.00874	0.01949	0.02524	0.00727	0.01278	0.02756	0.01537	0.00534	0.00618	0.00433	0.00389	0.01474	0.01253	0.00388	0.01235	0.03129	0.00924	0.01142	0.02627	0.03187	0.00975	0.01782	0.03449	0.01918	0.00929	0.01542	0.02729	0.02106	0.00953	0.03108	0.02729	0.01931	0.02291	0.03655	0.02357	0.02077	0.00845	0.01269	0.00557	0.00647	0.0056	0.01173	0.00721	0.01338	0.00668	0.01119	0.0089	0.01049	0.00925	0.0054	0.0043	0.00369	0.00384	0.00393	0.00282	0.00464	0.0047	0.00655	0.00886	0.01056	0.01023	0.01	0.00929	0.01093	0.00767	0.00874	0.01787	0.00997	0.00957	0.00934	0.00688	0.01784	0.011	0.02292	0.00724	0.01087	0.00864	0.00319	0.0023	0.00267	0.00299	0.00387	0.00614	0.00362	0.00413	0.00597	0.01043	0.00902	0.00772	0.00777	0.00449	0.01139	0.01379	0.00829	0.01395	0.0153	0.01741	0.03816	0.02803	0.03783	0.02745	0.02255	0.0208	0.01551	0.01154	0.01283	0.00549	0.00704	0.00301	0.00425	0.00232	0.00252	0.00222	0.00393	0.00511	0.00674	0.00469	0.00559	0.00328	0.00643	0.00286	0.00621	0.00245	0.00567	0.0098	0.00286	0.00512	0.00902	0.00921	0.00448	0.00774	0.00687	0.0186	0.0053	0.01144	0.00806	0.00767	0.00545	0.00659	0.00694	0.00573	0.01163	0.00882	0.00828	0.01302	0.01054	0.01149	0.01708	0.01476	0.01306	0.02077	0.01712	0.01163	0.00983	0.01737	0.01288	0.00769	0.01009	0.0121	0.0172	0.01566	0.02827	0.03308	0.03439	0.02772	0.01522	0.00586	0.00436	0.0044	0.00322	0.00248	0.00276	0.00211	0.00173
0.00531	0.00799	0.01676	0.03034	0.05694	0.08228	0.14483	0.06666	0.09818	0.04629	0.01177	0.01079	0.02243	0.90015	0.94432	0.96751	0.98178	1	0.98072	0.95073	0.87695	0.92464	0.02463	0.00628	0.0047	0.00399	0.00297	0.00204	0.00428	0.00503	0.00241	0.00302	0.00371	0.00411	0.0063	0.00425	0.00467	0.0122	0.01952	0.02468	0.02754	0.02277	0.02209	0.01117	0.02055	0.01666	0.02108	0.01277	0.01066	0.00547	0.00213	0.00273	0.00463	0.00359	0.0118	0.02174	0.01986	0.05475	0.03126	0.02701	0.01483	0.02441	0.02857	0.01653	0.01271	0.0188	0.01039	0.03324	0.0389	0.04028	0.01972	0.02601	0.01118	0.01374	0.00518	0.01096	0.00826	0.01353	0.03182	0.01447	0.03084	0.02972	0.02389	0.01528	0.04238	0.03647	0.01503	0.01068	0.02024	0.02784	0.00797	0.01271	0.02693	0.01398	0.00521	0.00712	0.00476	0.00406	0.01814	0.01632	0.00379	0.01357	0.03043	0.00979	0.01103	0.02653	0.03379	0.0105	0.02355	0.04536	0.02632	0.01126	0.02066	0.03301	0.02447	0.01059	0.03827	0.03077	0.02271	0.02758	0.04585	0.03255	0.03189	0.01104	0.01837	0.00737	0.00978	0.00836	0.01763	0.00942	0.021	0.00757	0.01537	0.01156	0.01331	0.00994	0.00715	0.00593	0.0047	0.00471	0.0058	0.00294	0.00567	0.00544	0.00668	0.01008	0.01533	0.01109	0.01313	0.01139	0.01332	0.00819	0.00885	0.01981	0.00989	0.01088	0.00933	0.00656	0.01725	0.01054	0.02536	0.00682	0.01085	0.00949	0.0034	0.00258	0.00307	0.00382	0.00469	0.00805	0.00548	0.00506	0.00739	0.01324	0.01186	0.00953	0.01015	0.00533	0.01737	0.0187	0.00814	0.01515	0.0148	0.01663	0.04249	0.03659	0.05115	0.03803	0.03489	0.04163	0.0237	0.01893	0.02826	0.00798	0.011	0.00407	0.00615	0.00276	0.0028	0.00234	0.00483	0.00645	0.00896	0.00598	0.00737	0.00362	0.00673	0.00306	0.00695	0.00247	0.00731	0.01391	0.00316	0.00658	0.01099	0.01411	0.00561	0.01022	0.00746	0.01802	0.0059	0.01311	0.00894	0.00798	0.00578	0.00714	0.00643	0.00671	0.01566	0.01086	0.01202	0.0243	0.01463	0.01665	0.0255	0.01865	0.01416	0.03401	0.02111	0.01331	0.01174	0.02847	0.01974	0.00898	0.01398	0.01481	0.0169	0.01559	0.02697	0.02663	0.0247	0.01607	0.00923	0.00401	0.00319	0.00324	0.00282	0.00214	0.00289	0.00219	0.00158
0.00566	0.01023	0.02023	0.04988	0.11169	0.15286	0.32718	0.17463	0.22432	0.09551	0.04366	0.02032	0.01012	0.03002	0.92103	0.93033	0.9672	0.98072	1	0.9594	0.90792	0.91865	0.9116	0.01673	0.00601	0.00443	0.00525	0.00241	0.00414	0.01482	0.00323	0.00447	0.00621	0.00675	0.01344	0.00791	0.00818	0.03246	0.04221	0.05913	0.06025	0.04217	0.0426	0.0195	0.03819	0.02298	0.02573	0.01583	0.01205	0.00642	0.00258	0.00349	0.00581	0.00461	0.01838	0.04238	0.03257	0.08823	0.04695	0.03559	0.01564	0.02606	0.03098	0.01649	0.01173	0.01764	0.00929	0.02377	0.03168	0.03355	0.01813	0.01995	0.0104	0.01344	0.00438	0.00883	0.00641	0.01169	0.02379	0.01312	0.02479	0.02502	0.01966	0.01329	0.03584	0.0335	0.0135	0.00955	0.01558	0.02388	0.00632	0.01041	0.021	0.01124	0.00423	0.00611	0.00452	0.0041	0.01573	0.01472	0.00364	0.01198	0.02739	0.01017	0.01058	0.02748	0.03679	0.00989	0.02489	0.04913	0.02882	0.01221	0.02241	0.03786	0.02918	0.01252	0.05501	0.05573	0.03522	0.04569	0.09262	0.08353	0.08266	0.02009	0.03155	0.01199	0.01546	0.01002	0.01962	0.01036	0.01964	0.00763	0.01284	0.00956	0.01097	0.00937	0.00565	0.00502	0.00436	0.00477	0.00498	0.00333	0.00604	0.00679	0.00897	0.01181	0.01608	0.01335	0.01633	0.0131	0.01588	0.00822	0.01003	0.01866	0.00881	0.01083	0.00879	0.00622	0.01594	0.00993	0.01952	0.00568	0.0082	0.00681	0.00256	0.0019	0.00245	0.00303	0.00375	0.0064	0.00511	0.00509	0.00801	0.01253	0.01184	0.00929	0.01055	0.00487	0.01374	0.01594	0.00811	0.01294	0.01172	0.01176	0.02616	0.02333	0.03017	0.02655	0.02551	0.02997	0.01953	0.01402	0.01877	0.00624	0.00732	0.00346	0.00454	0.00249	0.00258	0.00235	0.00439	0.00652	0.00823	0.00592	0.00734	0.00396	0.00652	0.00266	0.00704	0.00226	0.00645	0.01076	0.00317	0.0057	0.01057	0.01145	0.00609	0.01092	0.00771	0.01877	0.00679	0.01764	0.01073	0.00963	0.00661	0.00823	0.00789	0.00858	0.02905	0.01689	0.01686	0.05387	0.04136	0.03869	0.07334	0.05194	0.03271	0.09845	0.05062	0.02127	0.01938	0.04287	0.02928	0.00999	0.01486	0.01985	0.02091	0.01848	0.02737	0.02917	0.0255	0.01571	0.00831	0.00317	0.00257	0.00262	0.0026	0.00237	0.00345	0.00221	0.00153
