1	0.26879	0.17727	0.05675	0.05014	0.02911	0.01588	0.0162	0.01642	0.01922	0.01734	0.01514	0.01596	0.01704	0.01511	0.015	0.01363	0.01681	0.01401	0.01154	0.0082	0.00756	0.00737	0.00579	0.00573	0.00591	0.00619	0.00527	0.00528	0.00493	0.00491	0.0051	0.00591	0.00648	0.00628	0.00608	0.00564	0.00366	0.00327	0.00377	0.00415	0.00428	0.0045	0.00301	0.00436	0.00486	0.00463	0.00691	0.00984	0.00905	0.00874	0.00938	0.00765	0.00496	0.00426	0.00395	0.00342	0.00275	0.00279	0.00297	0.0032	0.00359	0.00324	0.00287	0.00308	0.00309	0.00285	0.00298	0.00243	0.00316	0.00272	0.00247	0.00272	0.00296	0.00282	0.0029	0.00244	0.00275	0.003	0.00314	0.00375	0.00458	0.00555	0.00676	0.00702	0.00764	0.00906	0.0084	0.00691	0.00573	0.00394	0.0035	0.00285	0.00228	0.00248	0.00209	0.00209	0.00222	0.00229	0.00263	0.0033	0.00418	0.00354	0.00401	0.00401	0.00343	0.00367	0.00377	0.00347	0.00365	0.0042	0.00527	0.0044	0.00478	0.00536	0.00448	0.00405	0.00532	0.00562	0.00474	0.00626	0.00778	0.0082	0.0092	0.01073	0.00882
0.26879	1	0.25356	0.17063	0.064	0.0474	0.02194	0.01245	0.01593	0.01558	0.01662	0.01346	0.01543	0.01755	0.01481	0.01238	0.01036	0.01251	0.01489	0.0106	0.00729	0.00636	0.0066	0.00512	0.00448	0.0052	0.0062	0.00497	0.00489	0.00486	0.00475	0.00465	0.00562	0.00649	0.00616	0.00632	0.00596	0.00362	0.00295	0.00378	0.00529	0.00483	0.00583	0.00397	0.00581	0.00669	0.00626	0.00826	0.01263	0.01174	0.00986	0.01085	0.00938	0.00703	0.00595	0.00503	0.0051	0.00377	0.00362	0.0041	0.00438	0.00517	0.0044	0.00365	0.00438	0.00442	0.00478	0.0045	0.00353	0.00562	0.00478	0.00405	0.00399	0.00499	0.00472	0.00478	0.00423	0.00404	0.00435	0.00515	0.00575	0.00585	0.00795	0.0103	0.0101	0.0095	0.01117	0.01178	0.01035	0.00795	0.00511	0.00532	0.00423	0.00321	0.00407	0.00344	0.00335	0.00315	0.00352	0.00346	0.00455	0.00647	0.00496	0.0058	0.00658	0.0055	0.00565	0.0061	0.00559	0.0055	0.00685	0.00938	0.00734	0.00742	0.0097	0.00859	0.00592	0.00802	0.01036	0.00639	0.00792	0.01185	0.01085	0.00996	0.00917	0.00787
0.17727	0.25356	1	0.27073	0.1548	0.06056	0.04579	0.01443	0.01561	0.01681	0.01823	0.01405	0.01633	0.02163	0.01731	0.01692	0.01352	0.01462	0.01373	0.01037	0.00622	0.00645	0.00641	0.00487	0.00528	0.00651	0.00768	0.00702	0.00747	0.00594	0.00499	0.0053	0.00562	0.00587	0.00528	0.00671	0.00627	0.00424	0.00371	0.00452	0.00558	0.00602	0.00605	0.00415	0.00493	0.00573	0.00485	0.00645	0.00817	0.00794	0.00903	0.00927	0.00776	0.00658	0.00606	0.0052	0.00513	0.00454	0.00338	0.00428	0.00539	0.00457	0.00369	0.00374	0.00385	0.00319	0.00325	0.00332	0.00243	0.00449	0.00353	0.00335	0.00401	0.00363	0.00402	0.00398	0.00311	0.00287	0.00324	0.00454	0.00438	0.00524	0.00866	0.01077	0.01019	0.01001	0.01236	0.01414	0.01254	0.00864	0.00621	0.00599	0.00437	0.00332	0.00407	0.00318	0.0029	0.00226	0.00241	0.00272	0.00351	0.00577	0.00401	0.00488	0.00502	0.00434	0.005	0.00528	0.00559	0.00441	0.00486	0.00692	0.00554	0.0052	0.00725	0.00684	0.00541	0.00602	0.00758	0.00534	0.00649	0.00769	0.00841	0.00751	0.00703	0.00742
0.05675	0.17063	0.27073	1	0.29337	0.28199	0.10495	0.07619	0.05044	0.04398	0.03885	0.03139	0.0251	0.02813	0.02301	0.0192	0.0148	0.0146	0.01167	0.00771	0.00527	0.0061	0.00615	0.00433	0.00424	0.00528	0.00589	0.00486	0.00589	0.00502	0.00468	0.00518	0.00566	0.0054	0.00476	0.0075	0.00726	0.00493	0.00443	0.00606	0.00724	0.00656	0.00822	0.00644	0.00787	0.0073	0.0065	0.00951	0.00974	0.00779	0.00995	0.01279	0.00947	0.00638	0.00638	0.00752	0.00675	0.00717	0.00591	0.00721	0.00999	0.00789	0.00644	0.00606	0.00677	0.00618	0.0059	0.00659	0.00529	0.00835	0.00727	0.00587	0.00632	0.00669	0.00692	0.00679	0.00581	0.00615	0.00571	0.009	0.00887	0.00884	0.01359	0.01887	0.01508	0.01249	0.01777	0.02066	0.01665	0.01132	0.00903	0.00735	0.00573	0.00444	0.00608	0.00511	0.00471	0.00376	0.00389	0.00453	0.00641	0.00922	0.0074	0.00826	0.00866	0.00699	0.00929	0.00935	0.00916	0.00844	0.00893	0.01174	0.01081	0.01002	0.01328	0.01075	0.00954	0.0127	0.0144	0.00993	0.01048	0.01223	0.01122	0.0113	0.0128	0.01238
0.05014	0.064	0.1548	0.29337	1	0.30266	0.31219	0.09315	0.09272	0.05377	0.0428	0.04726	0.03324	0.04254	0.0386	0.02897	0.02755	0.02568	0.02011	0.0138	0.00898	0.00997	0.0094	0.00518	0.00447	0.00528	0.00668	0.00425	0.00526	0.00493	0.00447	0.00493	0.00509	0.00462	0.0042	0.00642	0.0072	0.00585	0.00501	0.00578	0.00718	0.00701	0.00809	0.00656	0.00774	0.00819	0.00574	0.00786	0.00905	0.00735	0.00928	0.01117	0.00928	0.00678	0.00707	0.00896	0.0091	0.00906	0.00736	0.00857	0.01214	0.00871	0.00633	0.00755	0.00833	0.00763	0.00783	0.0082	0.00647	0.00942	0.00897	0.00823	0.00787	0.00808	0.00901	0.00858	0.00689	0.00847	0.00778	0.01029	0.01066	0.01135	0.01404	0.02063	0.01638	0.01147	0.01645	0.02158	0.02112	0.01624	0.01059	0.00977	0.00786	0.00582	0.00756	0.00642	0.00628	0.00507	0.00505	0.00553	0.00834	0.01201	0.00899	0.00965	0.01055	0.00866	0.01129	0.01304	0.01297	0.01109	0.01382	0.01888	0.01583	0.0169	0.02061	0.01474	0.01191	0.01793	0.02126	0.01411	0.01444	0.01607	0.01387	0.01239	0.0133	0.0117
0.02911	0.0474	0.06056	0.28199	0.30266	1	0.36333	0.28819	0.09528	0.08766	0.03985	0.03145	0.03292	0.03174	0.02832	0.02525	0.02506	0.02492	0.02161	0.01663	0.01275	0.01196	0.01088	0.00605	0.00472	0.00513	0.00562	0.0038	0.00433	0.00496	0.00408	0.00475	0.00468	0.00397	0.00371	0.00621	0.00548	0.00466	0.00524	0.00487	0.00538	0.0054	0.00699	0.00542	0.00623	0.00584	0.00483	0.00567	0.00612	0.00518	0.00766	0.0089	0.00651	0.00523	0.00525	0.00757	0.00767	0.00743	0.00484	0.00639	0.0103	0.00595	0.00476	0.00635	0.00728	0.00583	0.0065	0.00693	0.0057	0.00676	0.00771	0.00775	0.00723	0.00627	0.00699	0.00714	0.00599	0.00626	0.00659	0.00848	0.00787	0.008	0.01135	0.01606	0.01258	0.00981	0.01415	0.01759	0.01568	0.01259	0.00933	0.00869	0.0063	0.00519	0.00613	0.00572	0.00493	0.00389	0.00372	0.00453	0.00633	0.00903	0.0071	0.00829	0.00857	0.00714	0.00874	0.01111	0.01139	0.00976	0.01059	0.01462	0.01381	0.01382	0.01433	0.01263	0.01021	0.01228	0.01555	0.01125	0.01155	0.01238	0.01087	0.01043	0.01251	0.0141
0.01588	0.02194	0.04579	0.10495	0.31219	0.36333	1	0.42944	0.43715	0.1198	0.08184	0.03357	0.02517	0.0328	0.02198	0.01592	0.01932	0.02159	0.01738	0.01316	0.0107	0.01093	0.01005	0.00679	0.00544	0.00541	0.00496	0.00316	0.0038	0.00366	0.00303	0.00413	0.00419	0.00356	0.00358	0.00474	0.00398	0.00317	0.00404	0.00445	0.00417	0.0046	0.00502	0.00437	0.00493	0.00419	0.0036	0.00467	0.00473	0.00397	0.00669	0.00704	0.00557	0.00401	0.00461	0.00738	0.00692	0.00612	0.00452	0.00526	0.00896	0.0056	0.00393	0.0061	0.00769	0.00605	0.0066	0.00732	0.00493	0.0073	0.00753	0.00664	0.00685	0.00575	0.00755	0.00835	0.0065	0.00683	0.0068	0.00919	0.00707	0.00734	0.0098	0.01329	0.01086	0.0083	0.01227	0.0158	0.01287	0.01071	0.00901	0.00822	0.00634	0.00468	0.00607	0.0053	0.00531	0.00438	0.00451	0.00485	0.00688	0.00938	0.00563	0.00714	0.00856	0.00634	0.0089	0.01073	0.01035	0.00981	0.0106	0.0134	0.01129	0.0106	0.01322	0.01015	0.00861	0.01227	0.01337	0.00835	0.00884	0.00977	0.00919	0.00813	0.0106	0.01073
0.0162	0.01245	0.01443	0.07619	0.09315	0.28819	0.42944	1	0.4943	0.45714	0.09508	0.06846	0.03923	0.04425	0.0352	0.02301	0.0239	0.03617	0.02376	0.02062	0.0122	0.01346	0.01316	0.00827	0.00799	0.00735	0.00632	0.00345	0.00362	0.00418	0.00345	0.00531	0.00591	0.00462	0.00512	0.00624	0.00542	0.0051	0.00571	0.00634	0.00605	0.0055	0.00689	0.00552	0.00683	0.0057	0.00492	0.00584	0.00636	0.0053	0.00702	0.00779	0.00788	0.00596	0.00603	0.00966	0.00851	0.00668	0.00519	0.00707	0.01338	0.00741	0.00543	0.00849	0.00975	0.00848	0.00848	0.00912	0.00587	0.00935	0.00974	0.00915	0.00804	0.00675	0.01127	0.01236	0.00838	0.01021	0.00906	0.01212	0.00884	0.01039	0.0126	0.01711	0.01323	0.00899	0.01564	0.02125	0.01998	0.01581	0.01279	0.01077	0.00733	0.00537	0.00825	0.00826	0.00708	0.0058	0.00591	0.00621	0.009	0.0127	0.00807	0.01131	0.01316	0.00964	0.0121	0.0169	0.01717	0.01287	0.01532	0.01956	0.01526	0.01499	0.01836	0.01483	0.01148	0.01537	0.01903	0.01233	0.01168	0.01303	0.01194	0.00934	0.01071	0.01089
0.01642	0.01593	0.01561	0.05044	0.09272	0.09528	0.43715	0.4943	1	0.45299	0.29554	0.07217	0.0631	0.03479	0.02793	0.02361	0.01977	0.02733	0.02392	0.02187	0.01497	0.01905	0.0183	0.01148	0.00845	0.00812	0.00695	0.00351	0.00357	0.00372	0.00339	0.00449	0.00482	0.00439	0.00443	0.00527	0.00375	0.00362	0.00388	0.00394	0.00399	0.00381	0.0045	0.00399	0.00416	0.00369	0.00315	0.00432	0.00478	0.00406	0.00527	0.0048	0.00507	0.00399	0.0045	0.00639	0.00652	0.00503	0.00358	0.00445	0.00749	0.00496	0.00398	0.00583	0.00645	0.0055	0.0068	0.00673	0.00418	0.00708	0.00761	0.00607	0.00624	0.00538	0.00794	0.00903	0.0066	0.00758	0.0071	0.00795	0.00571	0.00648	0.00939	0.0125	0.00973	0.00788	0.01427	0.01754	0.01563	0.01337	0.00919	0.00835	0.00561	0.00459	0.00641	0.00646	0.00594	0.00377	0.00405	0.00457	0.0065	0.00973	0.00604	0.00848	0.00948	0.00607	0.00917	0.01216	0.01221	0.01116	0.01078	0.01509	0.01121	0.00943	0.01423	0.01151	0.009	0.01208	0.0144	0.00837	0.00863	0.01005	0.0087	0.00688	0.00881	0.00889
0.01922	0.01558	0.01681	0.04398	0.05377	0.08766	0.1198	0.45714	0.45299	1	0.48888	0.39673	0.12239	0.11144	0.04328	0.0286	0.02901	0.03626	0.03001	0.02775	0.02012	0.02592	0.0255	0.01712	0.01226	0.00989	0.00797	0.00408	0.00475	0.00495	0.00432	0.00621	0.00657	0.00567	0.00603	0.0088	0.00705	0.0063	0.0066	0.00779	0.00682	0.00805	0.00821	0.0059	0.0074	0.00702	0.00572	0.00726	0.0099	0.00686	0.00852	0.00885	0.00939	0.00712	0.00784	0.01135	0.01036	0.00983	0.00687	0.0071	0.014	0.01001	0.00733	0.01096	0.01187	0.01029	0.01124	0.01219	0.00806	0.01304	0.01324	0.01261	0.01115	0.01067	0.01714	0.01632	0.01277	0.01679	0.01206	0.01618	0.01155	0.01311	0.01717	0.02497	0.01539	0.01131	0.02265	0.03294	0.03154	0.02337	0.02034	0.01724	0.01175	0.00951	0.01635	0.01653	0.01203	0.0081	0.00791	0.00833	0.01451	0.01861	0.01188	0.01835	0.01838	0.01264	0.018	0.02299	0.02352	0.01979	0.02085	0.02548	0.01784	0.01903	0.02407	0.0198	0.01796	0.02416	0.02659	0.01534	0.01467	0.01679	0.01403	0.00974	0.01222	0.01252
0.01734	0.01662	0.01823	0.03885	0.0428	0.03985	0.08184	0.09508	0.29554	0.48888	1	0.49705	0.43367	0.15493	0.09595	0.03839	0.0313	0.04002	0.03558	0.02623	0.02822	0.03355	0.03426	0.02171	0.0137	0.01256	0.00926	0.00509	0.0062	0.00595	0.00507	0.00675	0.00773	0.00579	0.00508	0.00788	0.00676	0.00468	0.004	0.00452	0.00435	0.00456	0.0056	0.0053	0.00457	0.00481	0.00474	0.00602	0.00689	0.00576	0.00742	0.00721	0.00676	0.00518	0.00524	0.00785	0.00724	0.00608	0.00452	0.00513	0.00835	0.00649	0.00541	0.00722	0.00896	0.00723	0.00794	0.00891	0.00663	0.00838	0.00941	0.00981	0.00852	0.00847	0.01338	0.01326	0.01065	0.01251	0.00953	0.01187	0.00845	0.00926	0.0117	0.01761	0.01279	0.00964	0.01645	0.02493	0.02175	0.0177	0.01705	0.01279	0.00891	0.00751	0.0118	0.01231	0.00803	0.00537	0.00571	0.00671	0.01131	0.01428	0.01049	0.0155	0.0139	0.01031	0.0143	0.01795	0.01827	0.01578	0.0148	0.01862	0.01369	0.01561	0.01828	0.01352	0.01298	0.01709	0.0189	0.01174	0.0126	0.015	0.01339	0.00964	0.0124	0.01332
0.01514	0.01346	0.01405	0.03139	0.04726	0.03145	0.03357	0.06846	0.07217	0.39673	0.49705	1	0.52965	0.4829	0.11429	0.06202	0.02988	0.03256	0.03364	0.0249	0.02471	0.02644	0.03083	0.0174	0.01243	0.01012	0.00923	0.00496	0.00612	0.00714	0.00608	0.00726	0.00754	0.00679	0.0052	0.0074	0.00539	0.00401	0.00285	0.00299	0.00294	0.00293	0.00334	0.00386	0.00381	0.00317	0.00366	0.0046	0.00526	0.00452	0.00666	0.007	0.00614	0.00406	0.00364	0.00501	0.00493	0.00383	0.00261	0.00321	0.00512	0.0037	0.00326	0.00496	0.00562	0.00466	0.00484	0.00562	0.0043	0.0053	0.00612	0.00603	0.00536	0.00533	0.00768	0.00982	0.00688	0.00682	0.00594	0.00675	0.00436	0.00502	0.00732	0.01086	0.00952	0.00808	0.01249	0.0198	0.01554	0.0128	0.01274	0.01069	0.00767	0.00639	0.00909	0.01129	0.00548	0.00356	0.00387	0.00456	0.00651	0.00839	0.00665	0.00983	0.00952	0.00725	0.00961	0.01221	0.01279	0.01006	0.00939	0.01201	0.00918	0.00934	0.01247	0.00938	0.00764	0.00981	0.0126	0.008	0.00809	0.01008	0.01012	0.00817	0.01097	0.01203
0.01596	0.01543	0.01633	0.0251	0.03324	0.03292	0.02517	0.03923	0.0631	0.12239	0.43367	0.52965	1	0.52336	0.38867	0.10616	0.07578	0.03457	0.03434	0.02497	0.02198	0.02112	0.02177	0.01357	0.01017	0.01157	0.0107	0.00656	0.00759	0.00846	0.00724	0.00918	0.00905	0.00806	0.00673	0.00831	0.00634	0.00457	0.00364	0.00374	0.00376	0.00322	0.00388	0.00324	0.00375	0.00346	0.00298	0.00426	0.00493	0.00446	0.00594	0.00648	0.00635	0.00461	0.00375	0.00497	0.00472	0.00368	0.00249	0.00315	0.00567	0.00352	0.00317	0.00473	0.00568	0.0041	0.00489	0.00557	0.00379	0.00506	0.00679	0.00602	0.00529	0.00516	0.00704	0.00912	0.00666	0.00572	0.00545	0.0062	0.00414	0.00513	0.00725	0.01092	0.00971	0.00791	0.01311	0.01964	0.01463	0.01201	0.01021	0.00886	0.00662	0.00548	0.00617	0.00656	0.00497	0.00315	0.0033	0.00408	0.00588	0.00806	0.00578	0.00928	0.00978	0.00694	0.00977	0.01111	0.01015	0.00868	0.00812	0.01178	0.00825	0.00747	0.01063	0.00872	0.00681	0.00864	0.01078	0.00769	0.00768	0.00923	0.00876	0.00732	0.00934	0.01068
0.01704	0.01755	0.02163	0.02813	0.04254	0.03174	0.0328	0.04425	0.03479	0.11144	0.15493	0.4829	0.52336	1	0.57478	0.48433	0.11884	0.1109	0.0432	0.03156	0.02748	0.02294	0.02004	0.01417	0.01209	0.01567	0.01254	0.00797	0.01145	0.01177	0.01163	0.01456	0.01288	0.00977	0.00744	0.00882	0.00766	0.00613	0.00494	0.00658	0.00581	0.00503	0.00549	0.0059	0.00513	0.00508	0.0061	0.00597	0.00697	0.00557	0.00733	0.00699	0.00734	0.00581	0.00571	0.00744	0.00746	0.00613	0.00386	0.00493	0.00844	0.00573	0.00425	0.00542	0.00734	0.00542	0.00577	0.00688	0.00479	0.00659	0.00815	0.00757	0.00762	0.00767	0.01085	0.01307	0.01023	0.00958	0.00725	0.00949	0.00572	0.0067	0.00942	0.01422	0.01139	0.00867	0.0154	0.02302	0.01685	0.01383	0.01254	0.0113	0.01086	0.00814	0.00915	0.00869	0.00761	0.00512	0.00528	0.00643	0.00896	0.01194	0.0077	0.01178	0.0128	0.00925	0.01269	0.01467	0.01413	0.01292	0.01168	0.01536	0.01152	0.01071	0.01478	0.0117	0.01047	0.01401	0.0167	0.0108	0.01163	0.01263	0.01243	0.0103	0.0123	0.01682
0.01511	0.01481	0.01731	0.02301	0.0386	0.02832	0.02198	0.0352	0.02793	0.04328	0.09595	0.11429	0.38867	0.57478	1	0.51293	0.42967	0.1524	0.0872	0.03122	0.02282	0.01991	0.01399	0.00903	0.01009	0.01636	0.01564	0.01022	0.01547	0.02027	0.01947	0.02996	0.0216	0.01415	0.00941	0.01136	0.01032	0.00688	0.00632	0.00751	0.00814	0.00716	0.00636	0.00909	0.00597	0.00465	0.0056	0.00689	0.00591	0.00519	0.00677	0.00792	0.00801	0.00688	0.00741	0.01019	0.00978	0.00695	0.00448	0.00584	0.01007	0.00617	0.00477	0.00637	0.00743	0.00606	0.00661	0.0076	0.00678	0.00951	0.01078	0.01112	0.00981	0.00916	0.01345	0.01588	0.01112	0.0103	0.00923	0.01123	0.007	0.00898	0.01285	0.01652	0.01334	0.00969	0.01748	0.02607	0.01974	0.01653	0.0168	0.01411	0.01528	0.01071	0.01108	0.0114	0.01017	0.00697	0.0068	0.00771	0.01151	0.01534	0.01081	0.01489	0.01502	0.01281	0.01511	0.01877	0.02067	0.01755	0.01514	0.0186	0.01524	0.01628	0.01812	0.01552	0.01498	0.01938	0.02385	0.01486	0.01594	0.01566	0.0145	0.01088	0.01166	0.01379
0.015	0.01238	0.01692	0.0192	0.02897	0.02525	0.01592	0.02301	0.02361	0.0286	0.03839	0.06202	0.10616	0.48433	0.51293	1	0.46225	0.45005	0.11119	0.06258	0.01932	0.0159	0.0137	0.00751	0.00822	0.01663	0.01475	0.0111	0.01653	0.0195	0.02087	0.02689	0.02245	0.01512	0.01009	0.0106	0.00854	0.0056	0.00379	0.00454	0.00467	0.00418	0.00395	0.00377	0.00354	0.00307	0.00313	0.0043	0.00413	0.00383	0.00554	0.00681	0.00646	0.0052	0.00601	0.0085	0.00775	0.00486	0.00288	0.00375	0.00644	0.00374	0.0029	0.00423	0.00436	0.00331	0.00366	0.00426	0.00385	0.00479	0.00811	0.00768	0.00644	0.00572	0.00792	0.01035	0.00702	0.00653	0.00663	0.00804	0.0048	0.00642	0.01016	0.01217	0.01018	0.00784	0.01229	0.01642	0.0117	0.01036	0.01121	0.0098	0.01004	0.00722	0.00788	0.00843	0.00739	0.0053	0.00511	0.00549	0.00682	0.00951	0.00681	0.00988	0.00997	0.00839	0.00899	0.01178	0.0125	0.01066	0.00847	0.01302	0.0103	0.00939	0.01161	0.01015	0.00842	0.0103	0.01474	0.00977	0.00949	0.01082	0.00996	0.00812	0.00926	0.01048
0.01363	0.01036	0.01352	0.0148	0.02755	0.02506	0.01932	0.0239	0.01977	0.02901	0.0313	0.02988	0.07578	0.11884	0.42967	0.46225	1	0.48798	0.37784	0.08347	0.04771	0.01471	0.0131	0.01068	0.00958	0.01361	0.01504	0.01242	0.01752	0.02408	0.02614	0.03516	0.02632	0.01702	0.01121	0.01122	0.00838	0.00547	0.00361	0.00372	0.00412	0.0043	0.00412	0.00359	0.00282	0.00267	0.00321	0.00383	0.00379	0.00375	0.00495	0.00585	0.00542	0.0059	0.00607	0.00853	0.00774	0.00555	0.00295	0.00375	0.00641	0.00401	0.0032	0.00414	0.00476	0.00349	0.00342	0.0038	0.00348	0.00483	0.00838	0.007	0.00636	0.00587	0.00871	0.01094	0.00745	0.00685	0.00662	0.00754	0.00397	0.00533	0.00849	0.01105	0.0086	0.00645	0.01118	0.01354	0.00887	0.00796	0.00928	0.00917	0.00812	0.00605	0.00622	0.00649	0.00735	0.00524	0.00474	0.0048	0.00648	0.00993	0.00621	0.00869	0.00985	0.00701	0.00879	0.01099	0.01024	0.00914	0.00738	0.01124	0.00874	0.00778	0.01088	0.00932	0.00802	0.00983	0.01299	0.00841	0.00834	0.00961	0.00757	0.00671	0.00735	0.00852
0.01681	0.01251	0.01462	0.0146	0.02568	0.02492	0.02159	0.03617	0.02733	0.03626	0.04002	0.03256	0.03457	0.1109	0.1524	0.45005	0.48798	1	0.48755	0.366	0.08556	0.0467	0.015	0.01145	0.01201	0.01308	0.01181	0.01399	0.02152	0.03288	0.03743	0.04149	0.03259	0.02063	0.01638	0.01674	0.01591	0.01191	0.00799	0.00995	0.00866	0.01057	0.00898	0.00812	0.00738	0.0055	0.00559	0.00632	0.00663	0.00558	0.00613	0.00751	0.00785	0.00879	0.01324	0.01479	0.01535	0.01085	0.00656	0.00784	0.01448	0.00941	0.00678	0.0086	0.00946	0.00763	0.0079	0.00733	0.00641	0.01046	0.01446	0.01349	0.01228	0.01265	0.02106	0.02364	0.01343	0.0142	0.0139	0.01487	0.00868	0.01194	0.01554	0.01983	0.01275	0.0087	0.01769	0.02504	0.01878	0.01816	0.01827	0.01684	0.01793	0.01263	0.01478	0.01239	0.01504	0.01204	0.01034	0.00967	0.01528	0.02267	0.01286	0.01722	0.01843	0.01304	0.01778	0.02291	0.02004	0.01577	0.01784	0.0229	0.01622	0.01888	0.02489	0.02098	0.01888	0.02696	0.03359	0.01716	0.01471	0.01654	0.0113	0.00952	0.00944	0.01118
0.01401	0.01489	0.01373	0.01167	0.02011	0.02161	0.01738	0.02376	0.02392	0.03001	0.03558	0.03364	0.03434	0.0432	0.0872	0.11119	0.37784	0.48755	1	0.46037	0.32761	0.06628	0.03466	0.01568	0.0113	0.01291	0.01424	0.01372	0.02781	0.04534	0.04852	0.05522	0.039	0.02413	0.01777	0.01961	0.01866	0.01282	0.00984	0.01019	0.00933	0.01122	0.00843	0.00977	0.00763	0.0065	0.00586	0.0061	0.00628	0.00518	0.00587	0.00825	0.00783	0.00812	0.0121	0.01688	0.01649	0.01299	0.00753	0.00914	0.01523	0.00921	0.00654	0.00866	0.00935	0.00698	0.00822	0.00882	0.00604	0.01047	0.01536	0.01776	0.01673	0.01635	0.02634	0.03287	0.01461	0.01534	0.01658	0.01772	0.01022	0.01306	0.01664	0.02061	0.01412	0.00954	0.01843	0.02539	0.01931	0.01718	0.01709	0.01683	0.01668	0.01223	0.01678	0.01368	0.0157	0.01201	0.01073	0.01085	0.01823	0.02886	0.01722	0.02304	0.02474	0.02166	0.02506	0.03099	0.03265	0.01939	0.02127	0.02784	0.02136	0.02217	0.031	0.0261	0.02199	0.0305	0.03832	0.01858	0.01573	0.01552	0.01163	0.00955	0.00791	0.0101
0.01154	0.0106	0.01037	0.00771	0.0138	0.01663	0.01316	0.02062	0.02187	0.02775	0.02623	0.0249	0.02497	0.03156	0.03122	0.06258	0.08347	0.366	0.46037	1	0.44028	0.32203	0.05411	0.04386	0.01467	0.01403	0.01998	0.01843	0.0263	0.05255	0.05775	0.05623	0.04295	0.02479	0.01804	0.01727	0.01504	0.00981	0.00736	0.00683	0.00595	0.00631	0.00426	0.00457	0.00423	0.00422	0.00383	0.00391	0.00388	0.00384	0.00482	0.00766	0.00754	0.00646	0.00879	0.01453	0.01621	0.01034	0.00514	0.006	0.01063	0.00509	0.00368	0.00524	0.0058	0.00398	0.00439	0.00611	0.00362	0.00496	0.00672	0.00783	0.00918	0.01005	0.01685	0.02714	0.01239	0.0113	0.01261	0.01253	0.00533	0.00759	0.01127	0.01288	0.0098	0.00681	0.01197	0.01724	0.01248	0.00941	0.01093	0.01121	0.00989	0.00609	0.00845	0.00824	0.00908	0.00797	0.00698	0.00734	0.00973	0.01703	0.01011	0.01415	0.01593	0.0122	0.01178	0.01614	0.01763	0.01252	0.01083	0.0174	0.01515	0.01215	0.019	0.01847	0.01368	0.01805	0.02472	0.01141	0.00884	0.00768	0.00555	0.00611	0.00538	0.00723
0.0082	0.00729	0.00622	0.00527	0.00898	0.01275	0.0107	0.0122	0.01497	0.02012	0.02822	0.02471	0.02198	0.02748	0.02282	0.01932	0.04771	0.08556	0.32761	0.44028	1	0.40287	0.25315	0.06394	0.03919	0.01718	0.02525	0.02746	0.03514	0.07998	0.07891	0.06869	0.04783	0.02364	0.01799	0.01849	0.01486	0.01148	0.00813	0.00666	0.00522	0.00484	0.00425	0.00359	0.0035	0.00315	0.00354	0.00323	0.00322	0.00329	0.00523	0.01089	0.00781	0.0079	0.00991	0.01383	0.01383	0.01199	0.00463	0.00517	0.01072	0.00582	0.00334	0.00456	0.00483	0.00331	0.00397	0.00499	0.00408	0.00533	0.00564	0.00777	0.00851	0.01117	0.01947	0.03195	0.01137	0.00992	0.00948	0.01143	0.00481	0.00565	0.00953	0.01477	0.0101	0.00671	0.01241	0.01865	0.00975	0.00771	0.00873	0.00882	0.00639	0.00585	0.00664	0.00584	0.0068	0.00648	0.0062	0.00614	0.00855	0.01655	0.0089	0.01127	0.01241	0.00832	0.00895	0.01239	0.01021	0.00767	0.00758	0.01263	0.01039	0.01075	0.01491	0.01213	0.01097	0.0148	0.01789	0.00856	0.0072	0.00714	0.00485	0.00697	0.00637	0.00919
0.00756	0.00636	0.00645	0.0061	0.00997	0.01196	0.01093	0.01346	0.01905	0.02592	0.03355	0.02644	0.02112	0.02294	0.01991	0.0159	0.01471	0.0467	0.06628	0.32203	0.40287	1	0.40253	0.31452	0.07608	0.05538	0.04032	0.03565	0.05268	0.11408	0.12073	0.08452	0.05881	0.02549	0.02004	0.02456	0.02227	0.01796	0.01829	0.014	0.00826	0.00822	0.00661	0.00734	0.00604	0.00474	0.00508	0.00439	0.00446	0.00473	0.00546	0.01218	0.01121	0.00974	0.01526	0.01629	0.01472	0.01308	0.00663	0.00741	0.02012	0.01031	0.0067	0.00674	0.00756	0.006	0.00741	0.00805	0.00568	0.01034	0.00895	0.01257	0.01462	0.01715	0.03814	0.05955	0.01737	0.02086	0.0165	0.02025	0.00772	0.01012	0.01601	0.01823	0.01413	0.00873	0.01526	0.02517	0.0148	0.01266	0.01444	0.01277	0.00908	0.00893	0.01401	0.00867	0.00878	0.01023	0.01127	0.00882	0.01486	0.03305	0.01786	0.02192	0.02308	0.01375	0.02017	0.03949	0.02648	0.01534	0.01615	0.02973	0.0179	0.01788	0.02522	0.01976	0.01777	0.02429	0.02918	0.01326	0.00975	0.00895	0.00689	0.00859	0.01019	0.01356
0.00737	0.0066	0.00641	0.00615	0.0094	0.01088	0.01005	0.01316	0.0183	0.0255	0.03426	0.03083	0.02177	0.02004	0.01399	0.0137	0.0131	0.015	0.03466	0.05411	0.25315	0.40253	1	0.44498	0.34964	0.11394	0.12476	0.07435	0.08641	0.19107	0.16187	0.1071	0.05065	0.02856	0.02016	0.02873	0.02416	0.01974	0.01855	0.0153	0.00924	0.00812	0.00697	0.009	0.00525	0.00332	0.00442	0.00421	0.00419	0.00439	0.00589	0.01159	0.01189	0.00953	0.01528	0.02058	0.01476	0.01254	0.00585	0.00831	0.01871	0.0091	0.00518	0.00661	0.0061	0.00403	0.00494	0.00606	0.00423	0.00786	0.00619	0.00912	0.012	0.0126	0.02544	0.03894	0.01315	0.01518	0.01441	0.01946	0.00707	0.0091	0.01682	0.01908	0.01644	0.01057	0.01752	0.02597	0.01527	0.01318	0.01808	0.01441	0.00917	0.00765	0.01447	0.01057	0.00785	0.00865	0.01107	0.00901	0.01453	0.03261	0.01941	0.02177	0.02071	0.01409	0.01695	0.0257	0.0205	0.01408	0.01478	0.02565	0.01707	0.01696	0.02406	0.01929	0.01977	0.02166	0.02587	0.01205	0.00728	0.00656	0.00551	0.00752	0.00835	0.01008
0.00579	0.00512	0.00487	0.00433	0.00518	0.00605	0.00679	0.00827	0.01148	0.01712	0.02171	0.0174	0.01357	0.01417	0.00903	0.00751	0.01068	0.01145	0.01568	0.04386	0.06394	0.31452	0.44498	1	0.42849	0.32815	0.14593	0.1202	0.08002	0.13883	0.14014	0.08601	0.04503	0.02357	0.02103	0.02719	0.02038	0.01652	0.01476	0.01049	0.0072	0.00589	0.0051	0.00526	0.00359	0.00227	0.00294	0.00319	0.00294	0.00351	0.00548	0.01014	0.00983	0.00907	0.01237	0.01622	0.01326	0.00929	0.00461	0.00671	0.01854	0.00645	0.00349	0.00496	0.00475	0.00283	0.00367	0.00478	0.00331	0.00696	0.00486	0.00701	0.00944	0.00963	0.01683	0.02481	0.0088	0.00958	0.01015	0.01319	0.00561	0.00615	0.01282	0.01458	0.01279	0.0089	0.01431	0.02041	0.01187	0.01032	0.01396	0.00998	0.00608	0.00491	0.00674	0.00622	0.00492	0.00598	0.00644	0.00552	0.01249	0.02779	0.01473	0.01651	0.01569	0.01027	0.00982	0.0122	0.01155	0.00825	0.00839	0.01451	0.01097	0.01296	0.01641	0.01301	0.01182	0.01239	0.01386	0.00813	0.00497	0.0045	0.00424	0.00753	0.0086	0.00847
0.00573	0.00448	0.00528	0.00424	0.00447	0.00472	0.00544	0.00799	0.00845	0.01226	0.0137	0.01243	0.01017	0.01209	0.01009	0.00822	0.00958	0.01201	0.0113	0.01467	0.03919	0.07608	0.34964	0.42849	1	0.5394	0.45154	0.13929	0.12741	0.09251	0.08604	0.04741	0.02837	0.01917	0.01727	0.02366	0.01958	0.01866	0.01979	0.01242	0.00767	0.00541	0.00545	0.00519	0.00311	0.00209	0.00339	0.00327	0.00304	0.00386	0.00665	0.01191	0.01224	0.01118	0.01303	0.01506	0.01232	0.00945	0.00303	0.00459	0.01207	0.00532	0.00278	0.00419	0.00405	0.00243	0.00253	0.00374	0.00298	0.00529	0.00404	0.00704	0.00857	0.00586	0.01012	0.01393	0.00536	0.00634	0.007	0.00986	0.00385	0.00425	0.00885	0.01211	0.01043	0.00897	0.01186	0.01804	0.01012	0.00991	0.0108	0.00839	0.00516	0.00421	0.00556	0.00578	0.0038	0.00444	0.00594	0.00536	0.01008	0.02507	0.01221	0.01276	0.0129	0.00882	0.00811	0.01043	0.00878	0.00707	0.00685	0.01181	0.00875	0.00964	0.01208	0.00939	0.00894	0.00756	0.00886	0.00588	0.00442	0.00435	0.00401	0.00581	0.01043	0.00885
0.00591	0.0052	0.00651	0.00528	0.00528	0.00513	0.00541	0.00735	0.00812	0.00989	0.01256	0.01012	0.01157	0.01567	0.01636	0.01663	0.01361	0.01308	0.01291	0.01403	0.01718	0.05538	0.11394	0.32815	0.5394	1	0.61981	0.40184	0.1762	0.13984	0.06166	0.0412	0.02674	0.0213	0.01623	0.02403	0.02236	0.02033	0.02363	0.01322	0.00844	0.00656	0.00666	0.0077	0.00396	0.00248	0.00582	0.00509	0.00322	0.00375	0.00622	0.00864	0.0078	0.00698	0.00882	0.0084	0.00692	0.00639	0.00256	0.00242	0.00601	0.00339	0.00216	0.0032	0.00371	0.00244	0.00226	0.0026	0.00233	0.0054	0.00378	0.00664	0.00852	0.00506	0.01301	0.01693	0.0046	0.00915	0.00863	0.01293	0.00404	0.0054	0.00968	0.01308	0.01293	0.01098	0.01296	0.01905	0.0091	0.00732	0.00767	0.00722	0.00545	0.00385	0.00572	0.00543	0.00374	0.00445	0.00661	0.00648	0.00813	0.01945	0.0092	0.00972	0.00976	0.00672	0.00771	0.01081	0.00912	0.00859	0.00737	0.01112	0.00734	0.00717	0.00941	0.00753	0.00779	0.00693	0.00919	0.00567	0.0045	0.00549	0.00496	0.00506	0.00958	0.01151
0.00619	0.0062	0.00768	0.00589	0.00668	0.00562	0.00496	0.00632	0.00695	0.00797	0.00926	0.00923	0.0107	0.01254	0.01564	0.01475	0.01504	0.01181	0.01424	0.01998	0.02525	0.04032	0.12476	0.14593	0.45154	0.61981	1	0.5917	0.50282	0.15896	0.10341	0.03646	0.03257	0.03068	0.02079	0.02454	0.02449	0.02375	0.02744	0.01626	0.01001	0.00887	0.00946	0.00832	0.00518	0.00351	0.00802	0.00877	0.00424	0.00388	0.00718	0.00992	0.00998	0.00672	0.00978	0.00814	0.00633	0.00498	0.00265	0.00293	0.00548	0.00427	0.00238	0.00389	0.00433	0.00378	0.00366	0.00467	0.00353	0.01123	0.00532	0.0079	0.00999	0.0061	0.0173	0.02172	0.00409	0.0069	0.00795	0.009	0.00446	0.00594	0.01061	0.01343	0.01364	0.01223	0.01534	0.02303	0.01281	0.00826	0.00828	0.00816	0.00622	0.00405	0.00709	0.0053	0.00338	0.00404	0.00511	0.00508	0.00835	0.0142	0.00948	0.0092	0.0103	0.00652	0.0081	0.01614	0.0123	0.0106	0.00893	0.01236	0.00838	0.00842	0.00911	0.00844	0.00778	0.00836	0.01357	0.00916	0.0059	0.00617	0.00718	0.00887	0.0138	0.0146
0.00527	0.00497	0.00702	0.00486	0.00425	0.0038	0.00316	0.00345	0.00351	0.00408	0.00509	0.00496	0.00656	0.00797	0.01022	0.0111	0.01242	0.01399	0.01372	0.01843	0.02746	0.03565	0.07435	0.1202	0.13929	0.40184	0.5917	1	0.59473	0.48835	0.12322	0.07984	0.03374	0.03854	0.03125	0.03031	0.02815	0.02228	0.02727	0.02116	0.01312	0.00779	0.01105	0.00848	0.00464	0.00316	0.00638	0.0079	0.00356	0.00409	0.00785	0.01106	0.00915	0.00705	0.00799	0.00757	0.00651	0.00431	0.00224	0.00322	0.00691	0.00331	0.00184	0.0031	0.00496	0.00265	0.00274	0.00422	0.00354	0.00425	0.0035	0.00568	0.00662	0.00385	0.01215	0.01496	0.00353	0.00457	0.00724	0.00916	0.00303	0.00569	0.01292	0.01539	0.01402	0.01312	0.01897	0.02828	0.01262	0.00856	0.00852	0.0081	0.00621	0.00405	0.00476	0.00409	0.00332	0.00291	0.00374	0.00399	0.00669	0.01161	0.00763	0.00809	0.00977	0.00805	0.00731	0.01446	0.01419	0.01111	0.00639	0.01062	0.0088	0.01013	0.00924	0.01071	0.01102	0.01	0.02064	0.01913	0.01097	0.00864	0.00961	0.01543	0.02408	0.01684
0.00528	0.00489	0.00747	0.00589	0.00526	0.00433	0.0038	0.00362	0.00357	0.00475	0.0062	0.00612	0.00759	0.01145	0.01547	0.01653	0.01752	0.02152	0.02781	0.0263	0.03514	0.05268	0.08641	0.08002	0.12741	0.1762	0.50282	0.59473	1	0.65097	0.51938	0.13472	0.09213	0.04604	0.04335	0.05208	0.04039	0.03536	0.04491	0.03537	0.02315	0.01328	0.01992	0.01654	0.00868	0.00424	0.00704	0.01083	0.00439	0.00435	0.006	0.00948	0.00956	0.00755	0.00834	0.00672	0.00617	0.00501	0.00241	0.00269	0.00713	0.00414	0.00204	0.00293	0.00449	0.00412	0.00435	0.00611	0.00626	0.00663	0.00709	0.01262	0.01145	0.00552	0.0239	0.02773	0.00561	0.00963	0.01406	0.01205	0.00414	0.00787	0.01537	0.02066	0.01818	0.01754	0.02715	0.04969	0.01985	0.01166	0.01143	0.00974	0.00786	0.00464	0.00591	0.00452	0.00447	0.00411	0.00509	0.00575	0.00978	0.01573	0.0109	0.00947	0.01215	0.01038	0.01089	0.01609	0.01311	0.01294	0.00829	0.01334	0.01047	0.01485	0.01403	0.01307	0.01132	0.01414	0.02658	0.01854	0.0143	0.01111	0.0132	0.0205	0.03146	0.01766
0.00493	0.00486	0.00594	0.00502	0.00493	0.00496	0.00366	0.00418	0.00372	0.00495	0.00595	0.00714	0.00846	0.01177	0.02027	0.0195	0.02408	0.03288	0.04534	0.05255	0.07998	0.11408	0.19107	0.13883	0.09251	0.13984	0.15896	0.48835	0.65097	1	0.71377	0.59482	0.15959	0.13	0.05164	0.06899	0.05317	0.03424	0.04173	0.04092	0.02208	0.01564	0.02317	0.01511	0.01094	0.00503	0.00557	0.01034	0.00485	0.00514	0.00644	0.01328	0.01429	0.01189	0.01118	0.01135	0.00976	0.00606	0.00457	0.00354	0.00929	0.00416	0.00375	0.00367	0.00613	0.00518	0.00663	0.01275	0.01391	0.01357	0.0163	0.02967	0.02602	0.0114	0.04699	0.05378	0.00789	0.01244	0.01873	0.01399	0.00572	0.01319	0.0225	0.02722	0.02428	0.02524	0.03677	0.05498	0.02622	0.01625	0.02041	0.01563	0.00975	0.0056	0.00806	0.00612	0.0066	0.00626	0.00671	0.00529	0.01065	0.01525	0.01509	0.01369	0.01779	0.0132	0.01315	0.02065	0.01288	0.01251	0.00896	0.01347	0.01172	0.01622	0.01514	0.01482	0.01387	0.01655	0.03476	0.02635	0.02464	0.02019	0.03006	0.03588	0.03645	0.02319
0.00491	0.00475	0.00499	0.00468	0.00447	0.00408	0.00303	0.00345	0.00339	0.00432	0.00507	0.00608	0.00724	0.01163	0.01947	0.02087	0.02614	0.03743	0.04852	0.05775	0.07891	0.12073	0.16187	0.14014	0.08604	0.06166	0.10341	0.12322	0.51938	0.71377	1	0.7904	0.62081	0.22146	0.13177	0.07689	0.0795	0.04505	0.03186	0.03965	0.0195	0.0101	0.0167	0.0094	0.00594	0.0033	0.00358	0.00541	0.00337	0.00347	0.00563	0.00809	0.00873	0.00568	0.00615	0.00492	0.0042	0.00229	0.00168	0.00164	0.00287	0.00169	0.00183	0.00209	0.0032	0.00282	0.0034	0.00926	0.00702	0.0056	0.00764	0.01448	0.01041	0.00556	0.01993	0.02651	0.00516	0.0049	0.01219	0.00797	0.00283	0.009	0.01603	0.01431	0.01782	0.02118	0.02614	0.03321	0.01505	0.00846	0.00941	0.00754	0.00521	0.00315	0.00424	0.00314	0.00333	0.00331	0.00426	0.00323	0.00638	0.00978	0.01365	0.01199	0.01678	0.00962	0.00898	0.01352	0.00704	0.00626	0.00479	0.00734	0.00644	0.00791	0.0079	0.00955	0.00859	0.01195	0.01985	0.01487	0.01847	0.0145	0.02684	0.03974	0.02931	0.02261
0.0051	0.00465	0.0053	0.00518	0.00493	0.00475	0.00413	0.00531	0.00449	0.00621	0.00675	0.00726	0.00918	0.01456	0.02996	0.02689	0.03516	0.04149	0.05522	0.05623	0.06869	0.08452	0.1071	0.08601	0.04741	0.0412	0.03646	0.07984	0.13472	0.59482	0.7904	1	0.88762	0.74566	0.20545	0.1353	0.08497	0.07571	0.06066	0.06538	0.04432	0.01493	0.02349	0.0217	0.00913	0.00396	0.00555	0.0097	0.00524	0.00433	0.00738	0.01177	0.01132	0.00774	0.00744	0.00676	0.006	0.00333	0.00211	0.00251	0.00425	0.00291	0.00278	0.0036	0.00525	0.00345	0.0057	0.02041	0.01506	0.0095	0.01735	0.03331	0.01597	0.00547	0.02731	0.04167	0.00611	0.00655	0.02079	0.0172	0.00416	0.01413	0.03323	0.02824	0.0329	0.04355	0.05252	0.09659	0.02878	0.01561	0.02051	0.01225	0.00761	0.00699	0.01283	0.00604	0.00724	0.00521	0.00704	0.00506	0.00873	0.01474	0.01558	0.0169	0.02368	0.01528	0.01128	0.01907	0.01065	0.01161	0.00685	0.01115	0.01016	0.01248	0.01062	0.01279	0.0127	0.01266	0.02188	0.01836	0.03058	0.02148	0.03757	0.05911	0.05634	0.03761
0.00591	0.00562	0.00562	0.00566	0.00509	0.00468	0.00419	0.00591	0.00482	0.00657	0.00773	0.00754	0.00905	0.01288	0.0216	0.02245	0.02632	0.03259	0.039	0.04295	0.04783	0.05881	0.05065	0.04503	0.02837	0.02674	0.03257	0.03374	0.09213	0.15959	0.62081	0.88762	1	0.92562	0.66594	0.16372	0.11757	0.0687	0.06452	0.06222	0.0414	0.01798	0.01089	0.01276	0.00643	0.00283	0.00336	0.00643	0.00356	0.00321	0.00534	0.00899	0.01174	0.00586	0.00662	0.00461	0.00481	0.00247	0.0016	0.00183	0.00289	0.00205	0.00214	0.00182	0.00424	0.00328	0.00676	0.02121	0.00953	0.00773	0.0194	0.04713	0.01382	0.00803	0.06072	0.07613	0.00621	0.0088	0.0312	0.01235	0.00454	0.01626	0.02411	0.01936	0.02512	0.03094	0.02707	0.03729	0.01599	0.00884	0.00841	0.00572	0.00421	0.00439	0.00664	0.00314	0.00457	0.00302	0.00339	0.00266	0.00479	0.01004	0.00809	0.00828	0.0113	0.00849	0.00781	0.0099	0.00637	0.00765	0.00603	0.00652	0.00557	0.00843	0.00919	0.00799	0.00709	0.00827	0.01355	0.01203	0.02277	0.01979	0.03676	0.07242	0.07088	0.0462
0.00648	0.00649	0.00587	0.0054	0.00462	0.00397	0.00356	0.00462	0.00439	0.00567	0.00579	0.00679	0.00806	0.00977	0.01415	0.01512	0.01702	0.02063	0.02413	0.02479	0.02364	0.02549	0.02856	0.02357	0.01917	0.0213	0.03068	0.03854	0.04604	0.13	0.22146	0.74566	0.92562	1	0.95412	0.83459	0.15874	0.08586	0.07383	0.09151	0.0395	0.02112	0.02853	0.01611	0.00909	0.00391	0.00462	0.01121	0.0051	0.00544	0.0071	0.01528	0.02025	0.00827	0.0087	0.00758	0.00815	0.00446	0.00388	0.00443	0.00695	0.0031	0.00584	0.00601	0.01002	0.00582	0.01668	0.0624	0.01971	0.00889	0.04021	0.08806	0.01855	0.01067	0.08106	0.08633	0.00758	0.00994	0.042	0.01143	0.00398	0.02084	0.03118	0.02295	0.03065	0.03549	0.02857	0.03262	0.0188	0.01527	0.01542	0.00919	0.007	0.00647	0.01168	0.00591	0.00786	0.00713	0.00979	0.00477	0.01329	0.02752	0.02451	0.01406	0.01362	0.0101	0.01153	0.0201	0.00824	0.01012	0.00793	0.00828	0.00603	0.00787	0.01012	0.0109	0.00744	0.01055	0.01498	0.01714	0.04147	0.03501	0.057	0.09909	0.08265	0.06248
0.00628	0.00616	0.00528	0.00476	0.0042	0.00371	0.00358	0.00512	0.00443	0.00603	0.00508	0.0052	0.00673	0.00744	0.00941	0.01009	0.01121	0.01638	0.01777	0.01804	0.01799	0.02004	0.02016	0.02103	0.01727	0.01623	0.02079	0.03125	0.04335	0.05164	0.13177	0.20545	0.66594	0.95412	1	0.97549	0.75939	0.12344	0.11673	0.14915	0.04546	0.01156	0.0138	0.01584	0.00377	0.00136	0.00188	0.00268	0.00222	0.00322	0.00577	0.01264	0.02251	0.0096	0.0074	0.00617	0.00821	0.00341	0.00232	0.003	0.00345	0.00207	0.00358	0.00521	0.00705	0.005	0.01354	0.03003	0.00679	0.00416	0.01494	0.02839	0.00857	0.00581	0.03852	0.06352	0.00874	0.01661	0.10035	0.0217	0.00515	0.03104	0.07685	0.04647	0.03758	0.04534	0.02951	0.03043	0.01287	0.00918	0.00839	0.00485	0.00341	0.00353	0.00307	0.00212	0.00298	0.00314	0.00249	0.00161	0.0041	0.00905	0.00634	0.00555	0.00644	0.00359	0.00601	0.01331	0.00436	0.00315	0.0037	0.00467	0.00346	0.0036	0.00488	0.00792	0.00406	0.00626	0.01406	0.02918	0.06869	0.05459	0.09178	0.1396	0.1068	0.08207
0.00608	0.00632	0.00671	0.0075	0.00642	0.00621	0.00474	0.00624	0.00527	0.0088	0.00788	0.0074	0.00831	0.00882	0.01136	0.0106	0.01122	0.01674	0.01961	0.01727	0.01849	0.02456	0.02873	0.02719	0.02366	0.02403	0.02454	0.03031	0.05208	0.06899	0.07689	0.1353	0.16372	0.83459	0.97549	1	0.98663	0.8674	0.30426	0.46157	0.31257	0.03439	0.01596	0.04542	0.02341	0.00459	0.00576	0.01008	0.00583	0.00923	0.01052	0.02188	0.05868	0.01943	0.01903	0.00979	0.0142	0.00899	0.00485	0.00585	0.00499	0.00417	0.00841	0.01131	0.01304	0.0079	0.03556	0.07131	0.00766	0.00429	0.03135	0.04162	0.01017	0.0086	0.09614	0.1253	0.01025	0.02237	0.10937	0.01921	0.00513	0.02502	0.04078	0.03547	0.03271	0.0369	0.02823	0.04145	0.01965	0.01033	0.00927	0.00598	0.0041	0.00382	0.0043	0.00299	0.00561	0.00541	0.00394	0.0024	0.00973	0.02974	0.01077	0.00666	0.00728	0.00447	0.00886	0.00851	0.00376	0.00462	0.00584	0.00681	0.00311	0.00529	0.00579	0.00669	0.00615	0.0101	0.02457	0.05689	0.13241	0.06737	0.09688	0.15773	0.09937	0.09532
0.00564	0.00596	0.00627	0.00726	0.0072	0.00548	0.00398	0.00542	0.00375	0.00705	0.00676	0.00539	0.00634	0.00766	0.01032	0.00854	0.00838	0.01591	0.01866	0.01504	0.01486	0.02227	0.02416	0.02038	0.01958	0.02236	0.02449	0.02815	0.04039	0.05317	0.0795	0.08497	0.11757	0.15874	0.75939	0.98663	1	0.9942	0.94196	0.74329	0.67495	0.14513	0.00772	0.00663	0.01066	0.00411	0.00197	0.00367	0.00412	0.00357	0.0041	0.0103	0.03201	0.0148	0.01334	0.01138	0.01348	0.00503	0.00553	0.00815	0.0049	0.00483	0.01855	0.02178	0.02651	0.01425	0.11542	0.13356	0.01271	0.00949	0.08124	0.06739	0.01346	0.01561	0.11843	0.09309	0.01069	0.02967	0.09882	0.01341	0.00743	0.03721	0.02547	0.02641	0.02333	0.02035	0.02167	0.03942	0.02934	0.01583	0.00877	0.0089	0.00555	0.00649	0.00657	0.00447	0.00861	0.01111	0.00514	0.00279	0.01406	0.02572	0.00952	0.00557	0.00566	0.00318	0.00632	0.00652	0.0032	0.00343	0.00973	0.01138	0.00384	0.00636	0.01636	0.01194	0.00704	0.03277	0.07361	0.07559	0.09749	0.06591	0.05581	0.07221	0.0583	0.06573
0.00366	0.00362	0.00424	0.00493	0.00585	0.00466	0.00317	0.0051	0.00362	0.0063	0.00468	0.00401	0.00457	0.00613	0.00688	0.0056	0.00547	0.01191	0.01282	0.00981	0.01148	0.01796	0.01974	0.01652	0.01866	0.02033	0.02375	0.02228	0.03536	0.03424	0.04505	0.07571	0.0687	0.08586	0.12344	0.8674	0.9942	1	0.99587	0.97701	0.94103	0.90643	0.04955	0.00556	0.00589	0.00677	0.00403	0.00471	0.01116	0.01173	0.00806	0.0229	0.13121	0.0409	0.07025	0.04095	0.06018	0.01155	0.01172	0.04231	0.01247	0.00886	0.07319	0.12879	0.04707	0.03184	0.29192	0.30323	0.01772	0.02808	0.25996	0.15141	0.01875	0.03154	0.24766	0.11092	0.01273	0.09188	0.24053	0.01952	0.02034	0.07883	0.03166	0.04213	0.0244	0.01723	0.02672	0.04284	0.03792	0.02121	0.00839	0.01011	0.00755	0.01019	0.01812	0.00929	0.01828	0.05659	0.01596	0.00653	0.07012	0.11915	0.01869	0.01053	0.01093	0.00337	0.01147	0.0147	0.00316	0.00394	0.01491	0.02218	0.00334	0.00619	0.0267	0.01822	0.00475	0.03803	0.07779	0.03946	0.04473	0.06631	0.05421	0.05881	0.05815	0.10945
0.00327	0.00295	0.00371	0.00443	0.00501	0.00524	0.00404	0.00571	0.00388	0.0066	0.004	0.00285	0.00364	0.00494	0.00632	0.00379	0.00361	0.00799	0.00984	0.00736	0.00813	0.01829	0.01855	0.01476	0.01979	0.02363	0.02744	0.02727	0.04491	0.04173	0.03186	0.06066	0.06452	0.07383	0.11673	0.30426	0.94196	0.99587	1	0.9975	0.98902	0.96947	0.92266	0.01946	0.00393	0.00272	0.00503	0.00559	0.00745	0.00913	0.00436	0.00935	0.02165	0.01892	0.03358	0.03705	0.05587	0.01196	0.01016	0.05119	0.0301	0.00662	0.05819	0.25491	0.04076	0.02173	0.21815	0.11808	0.00963	0.01014	0.11806	0.06633	0.01155	0.02778	0.22508	0.08115	0.00804	0.03789	0.11169	0.00897	0.00686	0.02863	0.01064	0.02043	0.01532	0.01292	0.03177	0.06334	0.04945	0.0229	0.01033	0.01046	0.00585	0.00803	0.00943	0.00393	0.00718	0.03195	0.00918	0.0028	0.01193	0.02521	0.00449	0.00326	0.00455	0.00138	0.00338	0.00578	0.0017	0.0015	0.00567	0.00605	0.00168	0.0021	0.00687	0.00761	0.00196	0.01165	0.03958	0.02593	0.03316	0.06815	0.10036	0.09378	0.078	0.10894
0.00377	0.00378	0.00452	0.00606	0.00578	0.00487	0.00445	0.00634	0.00394	0.00779	0.00452	0.00299	0.00374	0.00658	0.00751	0.00454	0.00372	0.00995	0.01019	0.00683	0.00666	0.014	0.0153	0.01049	0.01242	0.01322	0.01626	0.02116	0.03537	0.04092	0.03965	0.06538	0.06222	0.09151	0.14915	0.46157	0.74329	0.97701	0.9975	1	0.99665	0.99151	0.96902	0.94487	0.02809	0.00518	0.00335	0.00532	0.00841	0.00705	0.00341	0.00619	0.0117	0.01472	0.07527	0.07737	0.16676	0.02376	0.0222	0.1178	0.04263	0.01788	0.07908	0.17263	0.03086	0.03531	0.31134	0.07517	0.0048	0.01955	0.08925	0.03526	0.00473	0.01502	0.06901	0.02015	0.00394	0.01669	0.02844	0.00326	0.00844	0.01803	0.00567	0.01971	0.01668	0.01456	0.02242	0.07079	0.08367	0.03963	0.00922	0.00953	0.00522	0.00668	0.00685	0.00293	0.0043	0.01198	0.00539	0.0019	0.00739	0.00791	0.00233	0.00174	0.00237	0.00079	0.00204	0.00173	7e-04	0.00141	0.00394	0.00281	0.00093	0.00267	0.00624	0.00349	0.00126	0.01026	0.02056	0.01434	0.0201	0.0405	0.04198	0.03343	0.02447	0.0339
