1	0.59617	0.49639	0.16542	0.06023	0.03481	0.01505	0.0205	0.021	0.00497	0.00386	0.00925	0.00499	0.00163	0.00231	0.00193	0.00103	0.00136	0.00188	0.00154	0.00163	0.00162	0.00147	0.00159	0.00167	0.00217	0.00165	0.00145	0.00156	0.0015	0.00132	0.00194	0.00258	0.00272	0.0029	0.00306	0.00275	0.00286	0.00225	0.00273	0.00248	0.00301	0.00273	0.00231	0.00261	0.00366	0.00318	0.00289	0.0038	0.00361	0.0032	0.00333	0.00264	0.0025	0.00262	0.00232	0.00231	0.0021	0.0018	0.00138	0.00153	0.0013	0.00114	0.0015	0.0015	0.00151	0.00127	0.00154	0.00213	0.00186	0.00203	0.00248	0.00234	0.00186	0.00265	0.00374	0.00291	0.00353	0.00532	0.00514	0.00387	0.00487	0.00339	0.00253	0.00238	0.00244	0.00216	0.00211	0.00264	0.00293	0.00322	0.00411	0.00485	0.0053	0.00542	0.00589	0.00621	0.00639	0.00535	0.00466	0.00318	0.00242	0.00218	0.00239	0.00257	0.00233	0.00282	0.00269	0.00253	0.00243	0.00257	0.00258	0.00217	0.00241	0.00255	0.00231	0.00226	0.00209	0.0024	0.003	0.00293	0.00424	0.00591	0.00462	0.00679	0.0068	0.00393	0.00212	0.00397	0.00615	0.00482	0.00596	0.0182	0.02558	0.01283	0.02825	0.07263	0.03527	0.02331	0.02524	0.01945	0.01312	0.01087	0.00903	0.00657	0.01071	0.01029
0.59617	1	0.81972	0.79522	0.17424	0.04331	0.01412	0.03416	0.02211	0.00478	0.00317	0.01004	0.00368	0.00156	0.00214	0.00232	0.00143	0.00122	0.00176	0.00153	0.00173	0.00195	0.00184	0.00244	0.0019	0.00376	0.00263	0.00238	0.00246	0.00288	0.00207	0.00256	0.0036	0.00325	0.00371	0.003	0.00298	0.00302	0.00202	0.00266	0.00289	0.00257	0.00217	0.00196	0.00251	0.00386	0.00337	0.00323	0.0045	0.0043	0.00391	0.00363	0.00242	0.00262	0.00288	0.00251	0.00226	0.00249	0.0028	0.00143	0.00185	0.00149	0.00144	0.00176	0.00184	0.00261	0.0014	0.00198	0.00328	0.00255	0.00221	0.00345	0.00288	0.00276	0.00406	0.00531	0.00456	0.00487	0.00642	0.00772	0.00542	0.00924	0.00507	0.00351	0.00379	0.00328	0.00326	0.00262	0.00408	0.00492	0.00463	0.0056	0.00612	0.00603	0.00789	0.00575	0.00727	0.0064	0.00467	0.00421	0.00265	0.00318	0.00291	0.0028	0.00301	0.00319	0.00362	0.00296	0.00379	0.00359	0.00287	0.0032	0.00303	0.00297	0.0034	0.00274	0.00235	0.00229	0.00321	0.00292	0.00313	0.00542	0.00559	0.00362	0.00803	0.00848	0.00387	0.00211	0.00606	0.01277	0.00614	0.00545	0.03676	0.04772	0.01333	0.04902	0.24243	0.04954	0.02274	0.03616	0.02967	0.01656	0.01171	0.00928	0.00493	0.00884	0.01006
0.49639	0.81972	1	0.885	0.53425	0.03939	0.0138	0.0401	0.02434	0.00126	0.00216	0.00384	0.00071	0.00061	0.00128	0.00077	0.00108	9e-04	0.00094	0.00078	9e-04	0.00082	0.00114	0.00137	0.00088	0.00112	0.00103	0.00083	0.00113	0.00111	0.00099	0.00097	0.00187	0.002	0.00191	0.00181	0.00213	0.00314	0.00174	0.00218	0.00158	0.00198	0.0013	0.00149	0.0022	0.00291	0.00182	0.00177	0.00303	0.00289	0.00331	0.00342	0.0027	0.00352	0.00365	0.00315	0.0026	0.00208	0.00273	0.0014	0.00193	0.00154	0.00135	0.00199	0.00136	0.00196	0.00116	0.00159	0.00225	0.00147	0.00172	0.00298	0.00182	0.00245	0.00478	0.00462	0.00354	0.00569	0.00712	0.00533	0.00533	0.00773	0.00285	0.00196	0.00244	0.00213	0.00197	0.00192	0.00241	0.00397	0.00395	0.0049	0.00678	0.00641	0.00923	0.00507	0.00699	0.00881	0.00513	0.00546	0.00307	0.00351	0.00382	0.00306	0.00339	0.00296	0.00423	0.00179	0.00248	0.00245	0.00196	0.00226	0.00251	0.00259	0.00297	0.00256	0.00211	0.00252	0.00488	0.00431	0.00306	0.00692	0.00528	0.00268	0.00651	0.00544	0.00199	0.00102	0.00299	0.00546	0.00231	0.00289	0.03013	0.0256	0.00445	0.02774	0.17244	0.01654	0.00766	0.01475	0.01178	0.00817	0.00575	0.0046	0.00265	0.00491	0.00616
0.16542	0.79522	0.885	1	0.96516	0.63845	0.14586	0.90213	0.86436	0.00776	0.00958	0.19209	0.00472	0.00114	0.00301	0.0025	0.00069	0.00106	0.00117	0.00055	0.00094	0.00065	0.001	0.00234	0.00193	0.00311	0.00202	0.0022	0.00295	0.00316	0.00193	0.00348	0.00508	0.00344	0.0038	0.00347	0.00315	0.00337	0.00246	0.00201	0.00141	0.00254	0.00229	0.00107	0.00183	0.00373	0.00132	0.0012	0.00349	0.00228	0.00229	0.00224	0.00196	0.00305	0.00344	0.00268	0.00216	0.00251	0.0018	0.00122	0.00352	0.00127	0.00129	0.00241	0.00189	0.00142	0.00095	0.00221	0.00362	0.00121	0.00171	0.00483	0.00135	0.00141	0.006	0.00837	0.00316	0.00562	0.01635	0.00792	0.00475	0.01188	0.0024	0.00139	0.00253	0.00479	0.00203	0.0014	0.00523	0.00459	0.00336	0.00528	0.00755	0.0068	0.00599	0.00363	0.00596	0.00601	0.00605	0.00509	0.00365	0.00278	0.00433	0.00491	0.00381	0.00458	0.00671	0.00342	0.00371	0.00441	0.00586	0.00681	0.00414	0.00583	0.00723	0.00446	0.00244	0.00231	0.00568	0.00379	0.00203	0.00507	0.01082	0.0034	0.01568	0.01864	0.00881	0.00249	0.02919	0.114	0.01297	0.01737	0.58838	0.44522	0.02532	0.24001	0.67896	0.08009	0.01602	0.02693	0.03239	0.01845	0.00977	0.00368	0.003	0.00832	0.0052
0.06023	0.17424	0.53425	0.96516	1	0.98789	0.97825	0.96695	0.93682	0.01784	0.00196	0.00833	0.00466	0.00051	0.00069	0.00138	0.00051	0.00046	0.00064	0.00041	0.00063	0.00062	0.00074	0.00096	0.00112	0.00126	0.00085	5e-04	0.00096	0.00087	0.00069	0.00061	0.00101	0.00098	0.00121	0.00126	0.00146	0.0015	0.00111	0.00104	0.00095	0.00103	0.00097	0.00073	0.00081	0.00169	0.00093	0.00069	0.0014	0.00148	0.00148	0.00135	0.00125	0.00162	0.00194	0.00126	0.00123	0.00151	0.00118	0.00071	0.0014	0.00112	0.00074	0.00101	0.0015	0.00114	0.00094	0.0011	0.00197	0.00106	0.00101	0.00193	0.00114	0.00089	0.00254	0.00451	0.0031	0.00451	0.00935	0.01287	0.00519	0.00698	0.00291	0.00144	0.00146	0.00258	0.00211	0.00093	0.00179	0.00362	0.0029	0.00209	0.00373	0.00364	0.00334	0.00175	0.00219	0.00246	0.00258	0.00297	0.0018	0.00169	0.00232	0.00195	0.00169	0.00211	0.00225	0.00217	0.00224	0.00202	0.00205	0.0025	0.00238	0.0025	0.00214	0.00207	0.00159	0.00116	0.00182	0.0024	0.00126	0.00239	0.00327	0.00226	0.00623	0.01401	0.00503	0.00087	0.02072	0.06458	0.00693	0.00502	0.23852	0.14259	0.00717	0.01565	0.18082	0.01909	0.00294	0.0053	0.00602	0.00459	0.0046	0.00286	0.00188	0.00529	0.00608
0.03481	0.04331	0.03939	0.63845	0.98789	1	0.99402	0.978	0.97783	0.93823	0.00855	0.00269	0.00163	0.00171	0.00093	0.00106	0.00117	0.00064	0.00063	0.00062	0.00087	0.00066	0.00101	0.00102	0.00075	0.00082	0.00066	0.00055	0.00052	8e-04	0.00053	4e-04	0.00068	0.00118	0.00113	0.00106	0.00174	0.00192	0.00094	0.00095	0.0014	0.00108	0.00071	0.00111	0.00108	0.00136	0.00112	0.00086	0.0016	0.00178	0.00177	0.00194	0.00135	0.00155	0.00171	0.00169	0.00112	0.0014	0.00213	0.0011	0.00144	0.00139	0.00141	0.00096	0.00104	0.00154	0.00132	0.0011	0.00157	0.00115	0.0011	0.00153	0.00147	0.00137	0.00285	0.00452	0.00448	0.00456	0.00795	0.01912	0.00593	0.00485	0.00326	0.00205	0.00149	0.00238	0.00292	0.00156	0.00138	0.00275	0.00296	0.00204	0.00286	0.00308	0.00335	0.00188	0.00297	0.00319	0.00324	0.00381	0.00229	0.00266	0.00179	0.00152	0.00155	0.00166	0.00135	0.00162	0.00224	0.00181	0.00157	0.00183	0.00227	0.00177	0.00115	0.0014	0.00158	0.00163	0.00201	0.00161	0.00128	0.00215	0.00275	0.00141	0.00578	0.00785	0.00233	0.00079	0.00476	0.01408	0.00179	0.00092	0.00842	0.00781	0.00098	0.0016	0.00668	0.00182	0.00092	0.00241	0.00302	0.00274	0.00389	0.00259	0.00239	0.00503	0.00592
0.01505	0.01412	0.0138	0.14586	0.97825	0.99402	1	0.97288	0.97999	0.97091	0.94122	0.00955	0.00132	0.00085	0.00146	0.00103	6e-04	0.00076	0.00051	0.00034	0.00057	0.00041	0.00061	0.00081	0.00048	0.00056	0.00048	0.00044	0.00041	0.00046	0.00047	0.00034	5e-04	0.00093	0.00104	0.00069	8e-04	0.001	0.00062	0.00055	7e-04	0.00083	0.00043	0.00055	0.00067	0.00097	0.00048	0.00051	0.00096	0.00083	0.00087	0.00105	0.00103	0.0014	0.00108	0.00093	0.00059	0.00073	0.00078	0.00084	0.00097	0.00077	0.00103	0.00112	0.00082	0.00111	0.00087	0.00087	0.00101	0.00049	0.00101	0.00124	0.00095	0.00082	0.00198	0.00203	0.00185	0.00264	0.00425	0.00579	0.00346	0.00377	0.0022	0.00145	0.00132	0.00218	0.00168	0.00076	0.00116	0.00121	0.00171	0.00207	0.00214	0.0019	0.00237	0.00133	0.00166	0.00209	0.00183	0.0018	0.00086	0.00121	0.00147	0.00089	0.00121	0.00153	0.0012	0.00115	0.00172	0.00131	0.00102	0.00117	0.00124	0.00141	0.00104	0.00132	0.00143	0.00152	0.0028	0.00204	0.00119	0.00354	0.00932	0.00415	0.01751	0.19799	0.03205	0.00272	0.11543	0.22288	0.00408	0.0044	0.15891	0.01675	0.00129	0.00878	0.02963	0.00142	0.00123	0.00278	0.0022	0.00205	0.00257	0.00153	0.00192	0.00419	0.00408
0.0205	0.03416	0.0401	0.90213	0.96695	0.978	0.97288	1	0.97478	0.98273	0.97971	0.97008	0.00781	0.00109	0.00137	0.00283	0.00123	0.00142	0.00138	0.00034	0.00072	0.00056	0.00059	0.00166	0.00124	0.00129	0.00108	0.00095	0.0011	0.00124	0.00103	0.00101	0.00094	0.00111	0.00114	0.00095	0.00081	0.00106	7e-04	0.00072	0.00057	0.00062	0.00046	0.00029	4e-04	0.00099	0.00034	0.00031	0.00088	0.00057	0.00058	0.00069	0.00074	0.00154	0.00135	9e-04	0.00046	7e-04	0.00046	0.00056	0.00138	0.00073	4e-04	0.00133	0.00129	0.00085	0.00062	0.00109	0.0019	0.00055	0.00101	0.00296	0.00145	0.00078	0.00435	0.01025	0.00395	0.0048	0.02094	0.01518	0.00289	0.00489	0.00143	0.00089	0.00164	0.00211	0.00158	0.00066	0.00139	0.00231	0.00179	0.00171	0.00287	0.00263	0.00179	0.00104	0.00184	0.00167	0.0021	0.00183	0.00077	0.00078	0.00218	0.0017	0.00099	0.00198	0.00198	0.00198	0.00241	0.00215	0.00223	0.00412	0.0025	0.00264	0.00257	0.00248	0.00227	0.00195	0.00373	0.00202	0.00094	0.00239	0.00836	0.00483	0.01019	0.42283	0.18077	0.01368	0.68997	0.9538	0.19241	0.03964	0.79009	0.55497	0.00734	0.03411	0.25775	0.01276	0.00369	0.00502	0.00653	0.0057	0.00562	0.00191	0.00184	0.00426	0.00366
0.021	0.02211	0.02434	0.86436	0.93682	0.97783	0.97999	0.97478	1	0.99381	0.99168	0.97866	0.96644	0.00684	0.00197	0.00209	0.00157	0.00191	0.00291	0.00093	0.00228	0.00098	0.00077	0.00261	0.00186	0.00094	0.00096	0.00099	0.00072	0.00063	5e-04	4e-04	0.00047	0.00058	0.00073	6e-04	0.00064	0.00077	7e-04	0.00065	0.00084	0.00083	0.00068	0.00062	0.00049	0.00154	0.00047	0.00047	0.00121	0.00093	0.00081	0.00111	0.00107	0.0015	0.00176	0.00106	0.00062	0.00069	0.00062	0.00058	0.0011	0.00095	0.00053	0.00094	0.00133	0.00111	0.00074	0.0013	0.00248	0.00091	0.00135	0.00545	0.00541	0.00182	0.01048	0.0815	0.0331	0.02889	0.17744	0.28791	0.01278	0.01344	0.00435	0.00154	0.00247	0.00221	0.00204	7e-04	0.00112	0.0019	0.0015	0.00172	0.00236	0.00202	0.00153	0.00097	0.00204	0.00198	0.00225	0.00275	0.00126	0.00124	0.00204	0.00191	0.00103	0.0012	0.00131	0.00141	0.00117	0.00101	0.00135	0.0021	0.00122	0.00117	0.00144	0.0015	0.00107	0.00152	0.00202	0.00119	0.00064	0.00108	0.00141	0.00095	0.00143	0.01702	0.01379	0.0018	0.02454	0.5591	0.04381	0.00202	0.04445	0.11817	0.00223	0.00088	0.01336	0.00482	0.00094	0.0016	0.00202	0.00238	0.00273	0.00139	0.00163	0.00433	0.00536
0.00497	0.00478	0.00126	0.00776	0.01784	0.93823	0.97091	0.98273	0.99381	1	0.99477	0.98595	0.98296	0.96806	0.01085	0.00295	0.00248	0.00192	0.00356	0.00118	0.00386	0.00102	0.00066	0.00135	0.00095	0.00078	0.00055	0.00068	0.00044	0.00042	0.00039	3e-04	0.00032	0.00046	0.00065	5e-04	0.00062	0.00069	0.00045	0.00046	0.00062	0.00065	0.00037	0.00044	0.00049	0.00093	0.00058	0.00059	0.00179	0.00133	0.00139	0.00187	0.00131	0.00163	0.00152	0.00107	0.00086	0.00096	0.00085	7e-04	0.00106	0.00102	0.00084	0.0011	0.00151	0.0011	0.00079	0.0011	0.00125	0.00087	0.00071	0.00194	0.00239	0.00129	0.00298	0.01546	0.01029	0.00604	0.01589	0.0319	0.00504	0.00249	0.00163	0.00134	0.00184	0.00172	0.00152	0.00061	0.00084	0.00153	0.00142	0.00178	0.00257	0.0024	0.00173	0.00118	0.00298	0.00267	0.0025	0.00189	0.00129	0.00172	0.00192	0.00123	0.0011	0.0014	0.00099	0.00154	0.00107	0.00095	0.00125	0.00113	0.00084	0.00088	0.00077	0.00139	0.00088	0.00181	0.00246	0.00212	0.00128	0.00262	0.00404	0.00324	0.00552	0.05607	0.03559	0.00232	0.01629	0.15883	0.00486	0.00096	0.00287	0.00411	0.00033	0.00048	0.00135	0.00062	0.00081	0.00116	0.00153	0.00158	0.00228	0.00117	0.00156	0.00362	0.00458
0.00386	0.00317	0.00216	0.00958	0.00196	0.00855	0.94122	0.97971	0.99168	0.99477	1	0.99243	0.99166	0.98378	0.96751	0.01637	0.00398	0.00208	0.00271	0.00069	0.00323	0.00099	6e-04	0.0028	0.00146	0.00138	0.00126	0.00256	0.00163	0.00107	0.00094	0.00124	0.00106	0.00085	0.0012	0.00092	0.00095	0.00099	0.00093	0.00058	0.00063	0.00156	0.00097	4e-04	0.00078	0.00161	0.00049	0.00059	0.00204	0.00087	0.00132	0.00133	0.00105	0.00196	0.00193	0.001	0.00088	0.00094	0.00088	0.00055	0.00164	0.00067	7e-04	0.00126	0.00234	0.00156	0.00059	0.00279	0.00295	0.00075	0.00128	0.00566	0.00266	0.00074	0.00719	0.0256	0.00414	0.0033	0.01207	0.00468	0.00113	0.00241	0.00071	7e-04	0.00244	0.00347	0.00185	0.00069	0.00312	0.00322	0.0016	0.00314	0.00438	0.00535	0.00246	0.00141	0.00479	0.00257	0.0058	0.00276	0.00129	0.00179	0.00398	0.0032	0.00146	0.00338	0.00366	0.00234	0.00237	0.00331	0.00606	0.00555	0.00306	0.00766	0.00897	0.00598	0.00211	0.00813	0.02063	0.00755	0.00296	0.02211	0.10865	0.05853	0.01904	0.63968	0.86124	0.07768	0.28149	0.94033	0.28061	0.0059	0.13946	0.13609	0.00196	0.00305	0.01272	0.00316	0.00302	0.00311	0.00549	0.00754	0.00514	0.00122	0.00189	0.00526	0.00502
0.00925	0.01004	0.00384	0.19209	0.00833	0.00269	0.00955	0.97008	0.97866	0.98595	0.99243	1	0.99294	0.98815	0.98302	0.95637	0.05031	0.01396	0.01695	0.00187	0.01956	0.00242	0.00156	0.03755	0.01394	0.00304	0.00257	0.01258	0.00816	0.00146	0.00153	0.00217	0.00155	0.00083	0.00129	0.00123	0.00099	0.00107	0.00084	0.00066	0.00038	0.00091	0.00144	0.00034	0.00064	0.00244	0.00043	4e-04	0.00185	0.00067	0.00096	0.00091	0.00075	0.00154	0.00278	8e-04	0.00062	0.00084	0.00059	0.00064	0.00406	0.00116	0.00057	0.0029	0.01014	0.00269	0.00082	0.01364	0.02267	0.00222	0.0023	0.10128	0.04959	0.00296	0.05496	0.64789	0.06083	0.0124	0.17794	0.06269	0.00184	0.00711	0.00205	0.00075	0.00249	0.00942	0.00306	0.00045	0.004	0.00496	0.00159	0.00227	0.00423	0.00496	0.00181	0.00147	0.00448	0.00216	0.00675	0.00343	0.00176	0.00085	0.00308	0.00507	0.00082	0.0032	0.00673	0.0033	0.00225	0.00378	0.00889	0.00899	0.00349	0.00587	0.01505	0.0073	0.00213	0.00753	0.02652	0.00949	0.00201	0.00483	0.04162	0.01148	0.00213	0.04304	0.62344	0.0378	0.04694	0.9489	0.85934	0.02212	0.18385	0.80574	0.01514	0.00322	0.02964	0.01585	0.00491	0.00232	0.00582	0.01114	0.00555	0.00137	0.00172	0.00661	0.00596
0.00499	0.00368	0.00071	0.00472	0.00466	0.00163	0.00132	0.00781	0.96644	0.98296	0.99166	0.99294	1	0.99227	0.98408	0.97089	0.93252	0.11125	0.03061	0.00489	0.01552	0.00295	0.00206	0.00736	0.00335	0.00153	9e-04	0.00183	0.00101	0.00053	0.00031	0.00027	0.00029	0.00027	0.00028	0.00026	0.00031	0.00034	3e-04	0.00028	0.00035	0.00036	0.00043	0.00032	0.00041	0.00114	0.00047	0.00044	0.00133	0.00126	0.00069	0.0012	0.00081	0.00085	0.00067	0.00057	0.00051	0.00056	0.00045	5e-04	0.00147	0.00101	0.00027	0.00083	0.00216	0.00162	0.00061	0.00257	0.01001	0.00279	0.00114	0.02586	0.06785	0.00521	0.01565	0.49237	0.11146	0.00775	0.05105	0.12086	0.00296	0.00237	0.00239	0.001	0.00125	0.00164	0.00189	0.00043	0.00063	0.00164	0.00096	0.00106	0.00134	0.00192	0.00127	0.001	0.00202	0.00152	0.00147	0.00158	0.00105	0.00073	0.00104	0.00111	0.00074	0.00091	0.00087	0.00115	0.00082	7e-04	0.00115	0.00107	0.00103	0.00082	0.00117	0.00111	0.00073	0.00158	0.00293	0.00231	0.00156	0.00242	0.00344	0.00155	0.00061	0.00184	0.00885	0.00146	0.00073	0.01414	0.01608	0.00235	0.00202	0.01634	0.00234	0.00063	0.00177	0.00152	0.00093	0.00069	0.00108	0.00182	0.00222	0.00093	0.00124	0.00323	0.00476
0.00163	0.00156	0.00061	0.00114	0.00051	0.00171	0.00085	0.00109	0.00684	0.96806	0.98378	0.98815	0.99227	1	0.9878	0.92157	0.94791	0.67906	0.04625	0.00409	0.00516	0.00069	0.00141	0.00448	0.00114	0.00073	0.00102	0.00188	7e-04	0.00035	0.00047	0.00046	0.00038	0.00048	0.00047	0.00046	5e-04	0.00062	0.00035	3e-04	0.00049	0.00069	0.00042	0.00031	0.00047	8e-04	0.00035	0.00058	0.00187	0.00121	0.00111	0.00167	0.0015	0.00178	0.00122	0.00077	0.00081	0.00063	0.00061	0.00062	0.00116	5e-04	0.00042	0.00071	0.00098	0.00067	0.00039	0.00092	0.00155	0.00104	0.00103	0.00438	0.00394	0.00124	0.00191	0.00793	0.00297	0.00131	0.00135	0.00142	0.00131	0.00124	0.00059	0.00104	0.00134	0.00159	0.00197	0.00073	0.00124	0.00193	0.00161	0.00207	0.00203	0.0027	0.00166	0.00194	0.00267	0.00235	0.00336	0.00175	0.00103	0.00103	0.0017	0.00126	0.00087	0.00149	0.00111	0.00158	0.00132	0.00117	0.00129	0.00165	0.00128	0.00193	0.0035	0.00274	0.00154	0.00737	0.01915	0.00841	0.00612	0.06577	0.08293	0.01102	0.00569	0.03014	0.11649	0.00257	0.0023	0.05279	0.01543	0.00118	0.00206	0.00406	0.00076	0.0012	0.00191	0.00105	0.00149	0.00117	0.00195	0.0021	0.0032	0.00128	0.0017	0.00321	0.00367
0.00231	0.00214	0.00128	0.00301	0.00069	0.00093	0.00146	0.00137	0.00197	0.01085	0.96751	0.98302	0.98408	0.9878	1	0.97557	0.95995	0.84948	0.72737	0.0137	0.02699	0.00303	0.00986	0.1904	0.01482	0.00293	0.00958	0.0581	0.00973	0.00113	0.0018	0.00288	0.001	0.00066	0.00092	0.00083	9e-04	0.00078	0.00075	0.00059	5e-04	0.00132	0.0017	0.00044	0.00083	0.00259	0.00049	0.00079	0.00316	0.00138	0.00124	0.00141	0.00087	0.00324	0.00298	0.0013	0.00093	0.00122	0.00056	0.00066	0.00232	0.00064	0.00041	0.00238	0.00436	0.00247	0.00087	0.00924	0.03289	0.00338	0.00271	0.0927	0.03009	0.00185	0.00933	0.07984	0.0029	0.00144	0.00888	0.00143	0.00083	0.00468	0.00102	0.00099	0.00243	0.004	0.00242	0.00073	0.00343	0.00385	0.00155	0.00344	0.00451	0.00415	0.00153	0.00166	0.00361	0.00208	0.00544	0.00238	0.00123	0.00096	0.00283	0.00326	0.00126	0.00381	0.00505	0.00352	0.00344	0.00488	0.0097	0.00964	0.0046	0.02396	0.11946	0.02001	0.00581	0.06778	0.39024	0.06916	0.01631	0.18752	0.46745	0.07635	0.01062	0.10158	0.65679	0.03051	0.01074	0.36221	0.63804	0.00522	0.01013	0.08565	0.01024	0.00344	0.01633	0.01484	0.00608	0.00333	0.00768	0.01092	0.00591	0.00171	0.00265	0.00689	0.0062
0.00193	0.00232	0.00077	0.0025	0.00138	0.00106	0.00103	0.00283	0.00209	0.00295	0.01637	0.95637	0.97089	0.92157	0.97557	1	0.98726	0.94861	0.93931	0.05806	0.06939	0.01251	0.02044	0.30833	0.06237	0.00664	0.00819	0.05069	0.01674	0.00153	0.0016	0.00268	0.00159	0.00105	0.00124	0.00125	0.00116	0.00134	0.00117	7e-04	0.00059	0.00158	0.00229	0.00049	0.00102	0.00289	0.00078	0.00075	0.0039	0.00152	0.00091	0.00101	9e-04	0.00174	0.00246	0.00137	0.00116	0.00122	5e-04	0.00045	0.00389	0.00086	0.00041	0.00435	0.02041	0.0077	0.00109	0.03252	0.31865	0.02669	0.00614	0.45668	0.56378	0.01327	0.04435	0.52282	0.03833	0.00414	0.03753	0.01306	0.0017	0.00518	0.00248	0.0016	0.0025	0.00765	0.00376	0.00087	0.00449	0.00852	0.00213	0.0035	0.0075	0.00853	0.00249	0.00183	0.00734	0.00383	0.00721	0.00356	0.00266	0.00125	0.0042	0.00761	0.00194	0.00411	0.00602	0.00476	0.0037	0.00635	0.01149	0.01217	0.00543	0.02566	0.06663	0.01178	0.00532	0.02561	0.09056	0.02322	0.00597	0.01091	0.04454	0.00767	0.00199	0.00221	0.02508	0.0033	0.00133	0.00822	0.05053	0.00293	0.00197	0.05628	0.02171	0.00395	0.01666	0.03052	0.00926	0.00385	0.00655	0.01372	0.01043	0.00253	0.00307	0.0099	0.008
0.00103	0.00143	0.00108	0.00069	0.00051	0.00117	6e-04	0.00123	0.00157	0.00248	0.00398	0.05031	0.93252	0.94791	0.95995	0.98726	1	0.99012	0.94736	0.07592	0.02572	0.00651	0.00923	0.0126	0.00442	0.00199	0.00175	0.00179	0.00162	0.00065	0.00039	0.00038	0.00034	0.00034	0.00033	0.00039	0.00049	0.00041	0.00029	0.00024	0.00037	0.00046	0.00035	0.00033	0.00046	0.00106	0.00071	0.00082	0.00205	0.00169	0.00113	0.00182	0.00152	0.00159	0.00132	0.00149	0.00108	0.00082	5e-04	5e-04	0.00091	0.00075	0.00041	0.00098	0.00316	0.00306	0.00048	0.00359	0.02948	0.00785	0.00214	0.02224	0.06326	0.00774	0.00599	0.02559	0.01052	0.00161	0.00281	0.00375	0.00214	0.00155	0.00115	0.00146	0.00121	0.00136	0.00142	0.00081	0.00104	0.00256	0.00207	0.00211	0.00309	0.00408	0.00231	0.00151	0.00294	0.00274	0.003	0.00161	0.00107	0.00106	0.00164	0.00148	0.0011	0.00154	0.00091	0.00097	0.00109	0.00113	0.00126	0.00131	0.00121	0.00305	0.00947	0.0032	0.0036	0.02245	0.05159	0.01456	0.01193	0.02808	0.01307	0.00196	0.00192	0.00282	0.00483	0.00116	0.00131	0.00212	0.00318	8e-04	0.00097	0.00259	0.00297	0.00174	0.00288	0.0034	0.00278	0.00246	0.00187	0.00293	0.00388	0.00181	0.00244	0.00518	0.00562
0.00136	0.00122	9e-04	0.00106	0.00046	0.00064	0.00076	0.00142	0.00191	0.00192	0.00208	0.01396	0.11125	0.67906	0.84948	0.94861	0.99012	1	0.99101	0.47717	0.04863	0.00963	0.03888	0.02725	0.00224	0.00151	0.00491	0.00216	0.00153	0.00072	0.00077	0.00089	0.00061	0.00053	0.00047	0.00059	0.00046	0.00053	0.00035	3e-04	0.00042	0.00068	0.00042	0.00034	0.00074	0.00153	0.00094	0.00125	0.00271	0.00175	0.00154	0.00196	0.00186	0.00206	0.00188	0.00131	0.00112	0.00082	0.00047	5e-04	0.00107	0.00096	0.00053	0.0013	0.00352	0.00477	0.00069	0.00619	0.02456	0.00395	0.002	0.01681	0.01141	0.00169	0.00356	0.00633	0.00156	0.00123	0.00247	0.00116	0.00176	0.00347	0.00117	0.00097	0.00165	0.00174	0.00128	0.00089	0.00147	0.002	0.00169	0.00256	0.00407	0.00471	0.00243	0.0018	0.00307	0.00301	0.00462	0.00254	0.00141	0.00176	0.00303	0.00184	0.00078	0.00143	0.00147	0.00082	0.00106	0.00199	0.00313	0.00241	0.00224	0.01228	0.05052	0.00725	0.00947	0.20247	0.3732	0.05415	0.04707	0.21775	0.06775	0.00528	0.00362	0.00927	0.01108	0.00214	0.00182	0.00641	0.00575	0.00093	0.00196	0.0062	0.00455	0.00273	0.00573	0.00689	0.00332	0.00292	0.00394	0.00485	0.00409	0.00173	0.00308	0.00614	0.0055
0.00188	0.00176	0.00094	0.00117	0.00064	0.00063	0.00051	0.00138	0.00291	0.00356	0.00271	0.01695	0.03061	0.04625	0.72737	0.93931	0.94736	0.99101	1	0.98623	0.84407	0.09031	0.79346	0.88383	0.03269	0.01865	0.07177	0.04657	0.01394	0.00321	0.00237	0.00219	0.00184	8e-04	6e-04	0.00076	0.00067	0.00075	5e-04	0.00035	0.00056	0.00093	0.00071	0.00049	0.00071	0.00217	0.00089	0.00104	0.0027	0.00186	0.00184	0.00226	0.00155	0.00245	0.00317	0.0017	0.00104	0.00129	0.00063	0.00068	0.0031	0.00248	0.00132	0.00316	0.02577	0.03042	0.00203	0.04484	0.53078	0.01995	0.00733	0.20054	0.08904	0.00381	0.00718	0.03102	0.00285	0.00168	0.0063	0.00185	0.00204	0.00466	0.00165	0.00118	0.0022	0.00323	0.00278	0.00088	0.00261	0.00253	0.00195	0.003	0.00385	0.00605	0.003	0.00207	0.00593	0.00366	0.00632	0.00258	0.00142	0.00104	0.00194	0.00238	0.00079	0.00196	0.00312	0.0021	0.00171	0.00387	0.01622	0.00694	0.0062	0.0851	0.22901	0.01633	0.03547	0.43322	0.50698	0.07204	0.02605	0.06554	0.02762	0.00394	0.00236	0.00283	0.00743	0.00249	0.00222	0.00345	0.01246	0.00209	0.0019	0.00814	0.01355	0.00344	0.00673	0.01295	0.00581	0.00359	0.00512	0.00923	0.00695	0.00195	0.00297	0.00732	0.00546
0.00154	0.00153	0.00078	0.00055	0.00041	0.00062	0.00034	0.00034	0.00093	0.00118	0.00069	0.00187	0.00489	0.00409	0.0137	0.05806	0.07592	0.47717	0.98623	1	0.99393	0.97946	0.96739	0.90553	0.02895	0.00422	0.00592	0.00307	0.00178	7e-04	5e-04	0.00042	0.00043	0.00053	0.00032	0.00029	0.00027	0.00034	2e-04	0.00018	0.00031	0.00045	0.00024	0.00038	0.00057	0.00114	0.00072	0.00126	0.00174	0.00191	0.00172	0.00193	0.00155	0.00117	0.00123	0.00113	8e-04	0.00048	0.00035	0.00022	0.00043	0.00061	0.00028	0.00079	0.00476	0.00857	0.00084	0.00841	0.17926	0.01029	0.00212	0.02095	0.01956	0.00293	0.00174	0.00361	0.00191	0.00096	0.00175	0.00179	0.00154	0.00124	0.00106	0.001	0.00092	0.00071	0.00114	0.00052	0.00061	0.00107	0.00126	0.00165	0.00176	0.00271	0.00166	0.00108	0.00293	0.00186	0.00206	0.00165	0.00095	0.00067	0.00076	0.00058	0.00055	0.00064	0.00043	4e-04	0.00055	0.00058	0.00181	0.00125	0.00121	0.00981	0.03292	0.0044	0.01321	0.24956	0.11114	0.02007	0.00931	0.01006	0.00419	0.00111	0.00118	0.00108	0.00127	0.00097	0.00115	0.00092	0.00122	0.00155	0.00068	0.00158	0.00365	0.0021	0.0024	0.00252	0.00227	0.00235	0.00216	0.00286	0.00297	0.00117	0.00136	0.00341	0.0043
0.00163	0.00173	9e-04	0.00094	0.00063	0.00087	0.00057	0.00072	0.00228	0.00386	0.00323	0.01956	0.01552	0.00516	0.02699	0.06939	0.02572	0.04863	0.84407	0.99393	1	0.99535	0.98503	0.97514	0.90976	0.02866	0.00848	0.00445	0.00703	0.003	0.00186	0.00187	0.00136	0.00097	0.00116	0.00091	0.00068	0.00087	0.00066	0.00057	0.00072	0.00125	0.00059	0.00064	0.00108	0.00305	0.00136	0.00194	0.00568	0.00513	0.00344	0.00346	0.00269	0.00365	0.00325	0.00303	0.00189	0.00099	7e-04	0.00066	0.00264	0.00456	0.00173	0.00657	0.23754	0.32515	0.01288	0.17464	0.8899	0.0903	0.0096	0.11245	0.0599	0.00422	0.00637	0.01159	0.00196	0.00179	0.00334	0.00218	0.00282	0.00337	0.00127	0.00182	0.00184	0.00176	0.00186	0.00135	0.0023	0.00224	0.00236	0.00356	0.003	0.00477	0.00207	0.00145	0.00363	0.00288	0.00433	0.00283	0.00152	0.00104	0.00174	0.00187	0.00069	0.0021	0.00212	0.0015	0.00105	0.00268	0.01075	0.00241	0.00269	0.0522	0.07883	0.00395	0.0154	0.23491	0.0454	0.00654	0.00406	0.00764	0.00426	0.00136	0.00229	0.00244	0.00334	0.00171	0.00398	0.00445	0.00466	0.00241	0.00224	0.00504	0.00876	0.00326	0.00556	0.00825	0.00482	0.00362	0.00568	0.00623	0.00674	0.00207	0.00296	0.00686	0.0066
0.00162	0.00195	0.00082	0.00065	0.00062	0.00066	0.00041	0.00056	0.00098	0.00102	0.00099	0.00242	0.00295	0.00069	0.00303	0.01251	0.00651	0.00963	0.09031	0.97946	0.99535	1	0.99014	0.98335	0.96463	0.91925	0.01834	0.00435	0.00171	0.00201	0.00132	0.00047	0.00074	0.00047	0.00042	0.00051	0.00042	0.00043	0.00035	0.00044	0.00045	0.00049	0.00041	0.00059	0.00091	0.00191	0.0017	0.00249	0.0058	0.00702	0.00521	0.00311	0.00349	0.00361	0.00347	0.00236	0.00184	0.0019	0.00101	0.00116	0.00975	0.09309	0.00734	0.02183	0.6351	0.64896	0.01297	0.054	0.4745	0.01994	0.00271	0.01075	0.00853	0.00141	0.00116	0.00227	0.00122	0.0011	0.00127	0.00186	0.00226	0.00183	0.0013	0.00086	0.00086	0.00092	0.00107	0.00077	0.00118	0.00143	0.002	0.00185	0.00153	0.00189	0.00142	0.00095	0.00169	0.00179	0.00141	0.00118	0.00057	0.00072	0.00071	0.00059	4e-04	0.00036	0.00031	0.00025	0.00029	0.00033	0.00089	0.00053	0.00086	0.00465	0.00545	0.00101	0.00578	0.02853	0.00369	0.00144	0.00217	0.00199	0.00129	0.00073	0.00135	0.00125	0.00091	0.00102	0.00139	0.00154	0.00163	0.0015	0.00114	0.00144	0.00235	0.00123	0.0015	0.00159	0.00153	0.00143	0.00127	0.00159	0.00219	0.00134	0.00134	0.00307	0.0041
0.00147	0.00184	0.00114	0.001	0.00074	0.00101	0.00061	0.00059	0.00077	0.00066	6e-04	0.00156	0.00206	0.00141	0.00986	0.02044	0.00923	0.03888	0.79346	0.96739	0.98503	0.99014	1	0.9838	0.98221	0.96421	0.95184	0.01744	0.00261	0.00133	0.00217	9e-04	0.00075	0.00091	5e-04	0.00041	0.00051	0.00054	0.00033	0.00028	5e-04	0.00071	0.00035	0.00043	0.00131	0.00261	0.00287	0.0041	0.00969	0.01217	0.01301	0.00689	0.00923	0.01334	0.01051	0.00732	0.00266	0.00402	0.00236	0.00101	0.00544	0.03672	0.00292	0.00303	0.06311	0.03327	0.00257	0.0051	0.02261	0.00125	0.00089	0.00195	0.00091	0.00043	0.00057	0.00081	0.00048	0.00094	0.00122	0.0011	0.00158	0.00178	0.00103	0.00072	0.00078	0.00085	0.00101	0.00044	0.00079	0.00075	0.00089	0.00113	0.00109	0.0017	0.00099	0.00077	0.00136	0.00113	0.00129	0.00085	0.00069	0.00096	0.00057	0.00035	0.00021	0.00026	0.00014	0.00012	0.00016	5e-04	0.00153	0.00058	0.00287	0.0439	0.01784	0.00161	0.06199	0.41008	0.00752	0.00153	0.00498	0.00487	0.00201	0.00091	0.00153	0.00154	0.00077	0.00069	0.00121	0.00076	0.00109	0.00106	0.00089	0.00092	0.00149	0.00078	0.00108	0.00119	0.0011	0.00101	0.00112	0.00106	0.00145	0.00077	0.00097	0.0025	0.00343
0.00159	0.00244	0.00137	0.00234	0.00096	0.00102	0.00081	0.00166	0.00261	0.00135	0.0028	0.03755	0.00736	0.00448	0.1904	0.30833	0.0126	0.02725	0.88383	0.90553	0.97514	0.98335	0.9838	1	0.99316	0.98536	0.96988	0.97505	0.01767	0.00327	0.00206	0.00286	0.0026	0.00108	0.00157	0.00111	0.00056	0.00079	0.00093	0.00042	4e-04	0.00223	0.00174	0.00056	0.00261	0.00957	0.00369	0.00709	0.01744	0.00965	0.01103	0.00749	0.00652	0.01643	0.01288	0.00762	0.00348	0.00241	0.00134	0.00093	0.00466	0.00601	0.00156	0.02033	0.12046	0.024	0.00447	0.20022	0.71205	0.01235	0.00612	0.09639	0.00547	0.00071	0.0048	0.00489	0.00079	0.00139	0.00349	0.00113	0.00141	0.00296	0.00098	0.00079	0.00158	0.00348	0.00209	0.00078	0.0043	0.00356	0.00134	0.00284	0.00457	0.00723	0.00184	0.00132	0.00378	0.00207	0.00517	0.00229	0.00132	0.00102	0.0019	0.00136	0.00046	0.0013	0.00383	0.00128	0.00077	0.00969	0.133	0.00376	0.02072	0.89203	0.52073	0.00712	0.22737	0.7982	0.03522	0.00355	0.00519	0.00517	0.00609	0.00194	0.00358	0.00281	0.00571	0.00392	0.00384	0.00474	0.01176	0.00578	0.00191	0.00689	0.01218	0.0027	0.00558	0.00945	0.00536	0.00211	0.00418	0.00597	0.00468	0.0011	0.00132	0.00442	0.00363
0.00167	0.0019	0.00088	0.00193	0.00112	0.00075	0.00048	0.00124	0.00186	0.00095	0.00146	0.01394	0.00335	0.00114	0.01482	0.06237	0.00442	0.00224	0.03269	0.02895	0.90976	0.96463	0.98221	0.99316	1	0.99573	0.98853	0.98818	0.97699	0.02701	0.00366	0.00201	0.00456	0.00168	0.00137	0.00225	0.00126	0.00069	0.00165	0.00088	0.00046	0.00403	0.00437	0.00118	0.00441	0.01685	0.00979	0.01713	0.03264	0.01311	0.01374	0.00737	0.00761	0.01793	0.01647	0.00749	0.00399	0.00517	0.00264	0.00399	0.10402	0.082	0.01299	0.26561	0.96181	0.62209	0.10654	0.89121	0.95811	0.04271	0.01206	0.20919	0.01292	0.00143	0.00366	0.00662	0.00104	0.00121	0.00302	0.00167	0.00125	0.00262	0.00086	0.00081	0.00153	0.00376	0.00166	0.00051	0.00199	0.00327	0.00135	0.00157	0.0031	0.00498	0.00137	0.00091	0.003	0.00186	0.00377	0.00241	0.00117	0.00064	0.00146	0.00159	0.00037	0.00077	0.00585	0.0026	0.00045	0.00622	0.06427	0.00233	0.00421	0.27998	0.04254	0.00152	0.00293	0.02046	0.00401	0.00083	0.00181	0.0017	0.00423	0.00177	0.00329	0.00248	0.00622	0.00535	0.00296	0.00344	0.01027	0.00424	0.00145	0.00543	0.0173	0.00377	0.00399	0.01286	0.00807	0.00277	0.0038	0.00643	0.00527	0.00135	0.00144	0.00434	0.00427
0.00217	0.00376	0.00112	0.00311	0.00126	0.00082	0.00056	0.00129	0.00094	0.00078	0.00138	0.00304	0.00153	0.00073	0.00293	0.00664	0.00199	0.00151	0.01865	0.00422	0.02866	0.91925	0.96421	0.98536	0.99573	1	0.99007	0.99419	0.98434	0.9788	0.01549	0.00228	0.00169	0.00199	0.00159	0.00114	0.00125	0.00088	0.00145	0.00156	8e-04	0.00696	0.01126	0.00377	0.01188	0.06467	0.04153	0.0716	0.13625	0.06216	0.06293	0.03831	0.03868	0.11743	0.14204	0.06851	0.01567	0.05375	0.02704	0.01915	0.72221	0.66439	0.03	0.28272	0.94275	0.11431	0.0101	0.15598	0.08403	0.00561	0.00108	0.00566	0.00188	0.00055	0.00126	0.00148	0.00077	7e-04	0.00154	0.00132	0.00106	0.002	0.00086	0.00054	0.00126	0.00275	0.0012	4e-04	0.00118	0.00147	0.00106	0.00106	0.00159	0.00213	0.001	0.00071	0.00196	0.00126	0.00199	0.00107	0.00068	0.00044	5e-04	0.00034	0.00019	0.00022	0.00037	0.00029	0.00035	0.00091	0.00301	0.00044	0.00284	0.0251	0.00227	0.00083	0.00888	0.0087	0.00068	0.00067	0.00186	0.00159	0.00342	0.00128	0.00314	0.0024	0.0026	0.00214	0.00176	0.00168	0.00263	0.00144	7e-04	0.00129	0.00317	0.00156	0.00124	0.00265	0.00215	0.00093	0.00153	0.00234	0.00306	0.00108	0.00122	0.00348	0.00393
0.00165	0.00263	0.00103	0.00202	0.00085	0.00066	0.00048	0.00108	0.00096	0.00055	0.00126	0.00257	9e-04	0.00102	0.00958	0.00819	0.00175	0.00491	0.07177	0.00592	0.00848	0.01834	0.95184	0.96988	0.98853	0.99007	1	0.99022	0.97752	0.97698	0.96402	0.01	0.00194	0.00098	0.00157	0.0013	0.00085	0.00072	0.00118	0.00057	0.00037	0.00188	0.00227	0.00077	0.00266	0.00987	0.00734	0.01079	0.04083	0.02349	0.03365	0.0211	0.02069	0.0626	0.09595	0.03784	0.00685	0.01554	0.00576	0.00371	0.09624	0.03196	0.00364	0.00743	0.06209	0.00682	0.004	0.01497	0.0037	0.00057	0.00134	0.00491	0.00057	0.00046	0.00134	0.001	0.00048	0.00094	0.00132	0.00053	0.00079	0.0014	0.00053	0.00038	0.00069	0.00186	0.00094	0.00026	0.00096	0.00079	0.00052	0.00082	0.00131	0.00166	0.00069	0.00069	0.00131	0.00114	0.00204	0.00066	0.00041	0.00026	3e-04	0.00018	1e-04	0.00047	0.00179	0.00061	0.00212	0.12493	0.07999	0.00306	0.20897	0.92359	0.05596	0.00821	0.52549	0.32535	0.00272	0.00288	0.00338	0.00207	0.00321	0.0013	0.00243	0.00165	0.00164	0.00112	0.00082	0.00091	0.00155	0.00086	0.00058	0.00119	0.00206	0.00079	0.00075	0.00137	0.00103	0.00058	0.00141	0.002	0.00214	0.00068	0.00118	0.003	0.00307
0.00145	0.00238	0.00083	0.0022	5e-04	0.00055	0.00044	0.00095	0.00099	0.00068	0.00256	0.01258	0.00183	0.00188	0.0581	0.05069	0.00179	0.00216	0.04657	0.00307	0.00445	0.00435	0.01744	0.97505	0.98818	0.99419	0.99022	1	0.99356	0.99257	0.97889	0.97523	0.01283	0.0021	0.00127	0.00167	0.00123	0.00083	0.00609	0.00166	0.00044	0.00806	0.0106	0.00106	0.00429	0.01713	0.00373	0.00407	0.01262	0.00617	0.00995	0.00704	0.00582	0.01885	0.02379	0.00942	0.00357	0.00596	0.00197	0.00373	0.05426	0.00948	0.0025	0.11443	0.27544	0.0042	0.01268	0.52573	0.10243	0.00246	0.01958	0.13387	0.00246	0.00074	0.00417	0.00356	0.00042	0.00075	0.00186	0.00035	0.00035	0.00131	0.00028	0.00035	0.00074	0.00167	0.00066	0.00025	0.00166	0.00124	0.00046	0.00109	0.00252	0.00239	0.00078	0.00068	0.00276	0.00108	0.00436	0.00114	5e-04	0.00037	0.00169	0.00144	0.00024	0.00531	0.41099	0.02003	0.01839	0.94272	0.94956	0.02558	0.35273	0.96802	0.20135	0.00274	0.02364	0.0369	0.00224	0.00103	0.00079	0.00115	0.00358	0.00103	0.00273	0.00132	0.00355	0.00183	0.0012	0.00302	0.01283	0.00287	0.00112	0.00756	0.02758	0.00219	0.00245	0.00875	0.00493	0.00082	0.00275	0.0047	0.00331	0.00074	0.00117	0.00389	0.00317
0.00156	0.00246	0.00113	0.00295	0.00096	0.00052	0.00041	0.0011	0.00072	0.00044	0.00163	0.00816	0.00101	7e-04	0.00973	0.01674	0.00162	0.00153	0.01394	0.00178	0.00703	0.00171	0.00261	0.01767	0.97699	0.98434	0.97752	0.99356	1	0.99366	0.98673	0.97911	0.97486	0.0164	0.00312	0.00314	0.00338	0.00356	0.07396	0.06581	0.00592	0.1227	0.34014	0.01663	0.03414	0.23805	0.03433	0.02282	0.11452	0.04065	0.07794	0.03674	0.02327	0.10738	0.17817	0.05675	0.01785	0.04689	0.01566	0.03427	0.76518	0.14356	0.02241	0.818	0.8896	0.02317	0.04604	0.73541	0.10147	0.00238	0.00693	0.04318	0.00257	5e-04	0.00342	0.00528	7e-04	0.00072	0.00244	0.00069	0.00046	0.00203	0.00057	0.00045	0.00167	0.00338	0.00127	0.00033	0.00266	0.00269	0.00081	0.00178	0.00433	0.003	0.00096	0.00078	0.00319	0.00139	0.00403	0.00184	0.00069	0.00056	0.00334	0.00283	0.00041	0.00502	0.17202	0.00559	0.00202	0.23117	0.06774	0.00184	0.00152	0.02133	0.00358	4e-04	0.00057	0.00098	0.00094	0.00077	0.00068	0.00116	0.00565	0.00141	0.00432	0.00164	0.00331	0.00314	0.00158	0.0023	0.00859	0.00206	0.00069	0.00399	0.01164	0.00207	0.00167	0.00685	0.00662	0.00108	0.00263	0.00716	0.0049	0.00111	0.00178	0.00729	0.00587
0.0015	0.00288	0.00111	0.00316	0.00087	8e-04	0.00046	0.00124	0.00063	0.00042	0.00107	0.00146	0.00053	0.00035	0.00113	0.00153	0.00065	0.00072	0.00321	7e-04	0.003	0.00201	0.00133	0.00327	0.02701	0.9788	0.97698	0.99257	0.99366	1	0.99451	0.99057	0.98528	0.96893	0.01546	0.00498	0.00476	0.00133	0.03078	0.03854	0.00603	0.01715	0.08026	0.01325	0.01013	0.09253	0.04418	0.03472	0.17633	0.13277	0.20851	0.13046	0.07865	0.22964	0.38451	0.18776	0.05402	0.13981	0.0236	0.05827	0.52644	0.03592	0.00303	0.0326	0.07392	0.00314	0.0012	0.01222	0.00386	0.00083	0.00128	0.00191	0.00104	0.00048	0.00166	0.00205	0.00077	0.00081	0.00131	0.00061	0.00049	0.00169	0.00066	0.00046	0.00104	0.00193	0.00094	0.00027	0.00086	0.00115	0.00066	0.00088	0.00147	0.0016	0.00087	0.00063	0.00154	0.00112	0.00139	0.00079	0.00032	0.00019	0.00029	0.00024	0.00016	0.00062	0.00334	0.00045	0.00172	0.02152	0.00203	0.00066	0.013	0.02664	0.00041	0.00076	0.00859	0.00097	0.00105	0.00203	0.00111	0.00217	0.0047	0.00164	0.00355	0.00188	0.00186	0.00194	0.00181	0.002	0.00282	0.00156	0.00065	0.00152	0.00267	0.0012	0.00105	0.00195	0.00202	0.00086	0.00175	0.00288	0.00307	0.00088	0.00178	0.00677	0.0069
0.00132	0.00207	0.00099	0.00193	0.00069	0.00053	0.00047	0.00103	5e-04	0.00039	0.00094	0.00153	0.00031	0.00047	0.0018	0.0016	0.00039	0.00077	0.00237	5e-04	0.00186	0.00132	0.00217	0.00206	0.00366	0.01549	0.96402	0.97889	0.98673	0.99451	1	0.99177	0.98805	0.97911	0.9493	0.04368	0.01259	0.00421	0.01064	0.008	0.00135	0.00447	0.00708	0.00147	0.0025	0.0097	0.00503	0.00686	0.03578	0.02715	0.0492	0.03178	0.02312	0.0526	0.08058	0.03209	0.01325	0.01705	0.00289	0.00365	0.018	0.00233	0.00075	0.00369	0.00245	0.00032	0.00113	0.00732	0.00113	6e-04	0.00274	0.00364	0.00086	0.00092	0.00291	0.00292	0.00084	0.001	0.00153	0.00073	0.00051	0.00163	0.00045	0.00038	0.00067	0.0011	0.00063	0.00035	0.0017	0.0013	0.00094	0.002	0.00204	0.00256	0.0012	0.00087	0.00202	0.00132	0.00209	0.00099	0.00044	0.00056	0.00309	0.00119	0.00116	0.0669	0.09921	0.00387	0.13121	0.95938	0.15351	0.01058	0.82897	0.81906	0.00487	0.00359	0.09747	0.00459	0.00225	0.00249	0.00133	0.00294	0.00475	0.00209	0.00446	0.00215	0.00302	0.00274	0.00228	0.00323	0.00373	0.00186	0.00108	0.00262	0.00358	0.00146	0.00199	0.00368	0.00282	0.00084	0.00219	0.00262	0.0035	0.00122	0.00203	0.00745	0.00654
0.00194	0.00256	0.00097	0.00348	0.00061	4e-04	0.00034	0.00101	4e-04	3e-04	0.00124	0.00217	0.00027	0.00046	0.00288	0.00268	0.00038	0.00089	0.00219	0.00042	0.00187	0.00047	9e-04	0.00286	0.00201	0.00228	0.01	0.97523	0.97911	0.99057	0.99177	1	0.9924	0.9846	0.97251	0.92507	0.53355	0.085	0.59717	0.22729	0.0086	0.11381	0.30861	0.00698	0.01523	0.08607	0.00739	0.00754	0.04713	0.01457	0.02532	0.0118	0.00781	0.02616	0.03507	0.01141	0.00546	0.00959	0.00172	0.00436	0.03931	0.00166	0.00151	0.06786	0.02208	0.00074	0.00506	0.09768	0.00921	0.00061	0.00656	0.0222	0.00164	0.00084	0.00451	0.00495	0.00065	0.00077	0.00242	0.00044	0.00033	0.00201	0.00047	0.00051	0.00127	0.00294	0.00073	3e-04	0.00339	0.00225	0.00071	0.00173	0.00318	0.00334	0.00109	0.00115	0.00644	0.0026	0.01163	0.00192	0.00133	0.00238	0.07631	0.01279	0.00653	0.83759	0.90907	0.02148	0.20786	0.97557	0.26306	0.00573	0.04763	0.07835	0.0035	0.00022	0.00114	0.00136	0.00164	0.00144	0.00072	0.00196	0.00523	0.00129	0.00328	0.00156	0.00425	0.00205	0.00171	0.00352	0.00872	0.002	0.00112	0.00593	0.00837	0.00208	0.00364	0.00987	0.00648	0.00099	0.004	0.00921	0.00558	0.00124	0.00282	0.0108	0.00592
0.00258	0.0036	0.00187	0.00508	0.00101	0.00068	5e-04	0.00094	0.00047	0.00032	0.00106	0.00155	0.00029	0.00038	0.001	0.00159	0.00034	0.00061	0.00184	0.00043	0.00136	0.00074	0.00075	0.0026	0.00456	0.00169	0.00194	0.01283	0.97486	0.98528	0.98805	0.9924	1	0.99151	0.94621	0.94381	0.89493	0.33778	0.7602	0.73211	0.07681	0.20457	0.65351	0.02958	0.01954	0.16076	0.0255	0.01734	0.08927	0.03396	0.05744	0.03978	0.02	0.0712	0.12894	0.03564	0.01253	0.02684	0.00549	0.01311	0.11555	0.00391	0.00129	0.03432	0.02188	0.00091	0.00117	0.01726	0.00568	0.00046	0.00199	0.00905	0.00129	0.00091	0.00282	0.00449	0.00088	0.00091	0.0028	0.00105	0.00052	0.00319	0.00087	0.00063	0.0022	0.00495	0.00118	0.00034	0.0027	0.00311	0.00087	0.00144	0.00377	0.00417	0.00139	0.00111	0.00521	0.00247	0.00876	0.00361	0.00121	0.0015	0.0205	0.00361	0.00088	0.0577	0.05268	0.00228	0.00126	0.02163	0.00294	5e-04	0.00059	0.00046	0.00028	0.00033	0.00041	0.00045	0.00397	0.00246	0.00127	0.0038	0.0127	0.00259	0.00638	0.00279	0.00585	0.00436	0.00362	0.00308	0.00692	0.00252	0.00104	0.005	0.00681	0.00245	0.00336	0.00668	0.00591	0.00096	0.00243	0.00822	0.00676	0.0014	0.00248	0.01073	0.00643
0.00272	0.00325	0.002	0.00344	0.00098	0.00118	0.00093	0.00111	0.00058	0.00046	0.00085	0.00083	0.00027	0.00048	0.00066	0.00105	0.00034	0.00053	8e-04	0.00053	0.00097	0.00047	0.00091	0.00108	0.00168	0.00199	0.00098	0.0021	0.0164	0.96893	0.97911	0.9846	0.99151	1	0.98763	0.87914	0.85948	0.11167	0.13278	0.22439	0.01975	0.01096	0.05438	0.0089	0.00489	0.03061	0.01425	0.01246	0.05376	0.02452	0.03615	0.03377	0.02199	0.04056	0.06702	0.03834	0.00845	0.01264	0.00307	0.00274	0.00736	0.00125	0.00035	0.00162	0.00173	0.00042	0.00042	0.00089	0.00102	5e-04	0.00146	0.00197	0.00088	0.00087	0.00183	0.00238	0.00098	0.00077	0.002	0.00084	0.00067	0.00187	0.00055	0.00046	0.00104	0.00183	0.00105	8e-04	0.00132	0.00155	0.00131	0.00167	0.00256	0.00392	0.00137	0.00136	0.00365	0.00232	0.00385	0.00204	0.00112	0.00176	0.00272	0.00074	0.00128	0.01391	0.00355	0.00076	0.01187	0.07732	0.00073	0.00131	0.03282	0.00155	0.00046	0.00277	0.00499	0.00132	0.00588	0.00349	0.00194	0.00413	0.00676	0.003	0.00677	0.00352	0.00369	0.00379	0.00481	0.00262	0.00246	0.00206	0.00109	0.00178	0.00251	0.00267	0.00253	0.00216	0.00282	0.00139	0.00263	0.00507	0.01041	0.00221	0.00468	0.01336	0.00967
