1	0.60425	0.50645	0.16778	0.06091	0.03499	0.01508	0.02004	0.02066	0.00475	0.00387	0.00903	0.00509	0.00164	0.00242	0.00205	0.00107	0.00142	0.00196	0.0016	0.00169	0.00166	0.00156	0.00164	0.00166	0.00217	0.00163	0.00143	0.00156	0.00149	0.0013	0.00194	0.00249	0.00254	0.00265	0.00278	0.00239	0.00251	0.00201	0.00249	0.00238	0.00296	0.00267	0.00228	0.00263	0.00368	0.0033	0.00316	0.00434	0.00413	0.0038	0.00393	0.00315	0.00295	0.00292	0.00252	0.00242	0.00219	0.00187	0.00143	0.00157	0.00134	0.00118	0.00158	0.00157	0.0016	0.00133	0.00162	0.00219	0.00191	0.00227	0.00258	0.00245	0.00205	0.00305	0.00425	0.00331	0.0039	0.00555	0.00531	0.00402	0.00518	0.00362	0.00277	0.00295	0.00309	0.00274	0.00217	0.0028	0.003	0.00314	0.00381	0.00446	0.00474	0.00473	0.00505	0.00557	0.00617	0.0054	0.00491	0.00349	0.0027	0.00243	0.00283	0.00315	0.00258	0.00309	0.00281	0.00257	0.00242	0.00248	0.00246	0.00197	0.00208	0.00219	0.00192	0.00202	0.00189	0.00225	0.00271	0.00291	0.00404	0.00569	0.00463	0.00643	0.00608	0.00362	0.00227	0.00402	0.00646	0.0051	0.00631	0.01908	0.02646	0.01323	0.02835	0.07394	0.03581	0.02412	0.02662	0.01985	0.01347	0.01114	0.00915	0.00671	0.01086	0.01033
0.60425	1	0.8237	0.79402	0.17289	0.04358	0.01425	0.03368	0.02168	0.00458	0.00308	0.0096	0.00381	0.0017	0.00231	0.00236	0.00142	0.0012	0.00183	0.00161	0.00185	0.00198	0.00192	0.00252	0.00178	0.0037	0.00258	0.00234	0.00242	0.00286	0.00199	0.0025	0.00342	0.00292	0.00324	0.00268	0.00247	0.00254	0.00173	0.00236	0.00261	0.00235	0.00204	0.00191	0.0025	0.0037	0.00349	0.00353	0.00497	0.00468	0.00436	0.00419	0.00293	0.00296	0.00309	0.00263	0.00232	0.00253	0.00293	0.00147	0.00189	0.00155	0.00153	0.00182	0.00192	0.00279	0.00145	0.00214	0.00339	0.00269	0.00241	0.00372	0.00325	0.00313	0.00474	0.00625	0.00519	0.00541	0.00723	0.00823	0.00579	0.00992	0.00539	0.00371	0.00431	0.00405	0.00403	0.00255	0.0041	0.00481	0.00403	0.00445	0.00498	0.00479	0.00629	0.00483	0.00619	0.0058	0.00463	0.00439	0.003	0.00367	0.00341	0.00348	0.0039	0.00346	0.0039	0.00312	0.00377	0.00352	0.00276	0.003	0.00274	0.00255	0.00286	0.00237	0.00226	0.00227	0.00329	0.00276	0.00321	0.00536	0.00547	0.0038	0.00844	0.00842	0.00344	0.00218	0.00666	0.01429	0.00625	0.00562	0.03858	0.04767	0.01332	0.04739	0.2407	0.04976	0.02351	0.03919	0.03052	0.01725	0.01228	0.00942	0.00507	0.0093	0.01041
0.50645	0.8237	1	0.88492	0.53588	0.03862	0.0138	0.03953	0.02503	0.00128	0.00223	0.00382	0.00073	0.00064	0.0013	0.00077	0.00105	0.00088	0.00095	0.00083	0.00086	0.00077	0.00103	0.00129	0.00079	0.00106	0.00101	0.00084	0.00109	0.0011	0.00094	0.00094	0.0018	0.00182	0.00165	0.0016	0.00174	0.00247	0.00142	0.00185	0.00134	0.00169	0.00119	0.00143	0.00205	0.00259	0.00175	0.0018	0.00296	0.00296	0.00341	0.00372	0.00317	0.00394	0.00395	0.00326	0.00267	0.00204	0.00274	0.0014	0.00192	0.0015	0.00137	0.00196	0.00131	0.00197	0.00108	0.00148	0.00207	0.00139	0.00167	0.00276	0.00193	0.00256	0.00514	0.00499	0.00403	0.00615	0.00772	0.00566	0.00543	0.00794	0.00287	0.00197	0.00247	0.00237	0.00226	0.0019	0.00261	0.00404	0.00364	0.00431	0.00642	0.00542	0.00755	0.00434	0.00603	0.00765	0.00486	0.0061	0.00356	0.00434	0.00453	0.00398	0.00426	0.00316	0.00444	0.0019	0.00251	0.00234	0.00188	0.00204	0.00213	0.00221	0.00264	0.00217	0.00191	0.00233	0.00496	0.00383	0.00309	0.00677	0.00525	0.00273	0.0069	0.00596	0.00206	0.00106	0.00299	0.00544	0.00226	0.00287	0.03026	0.02476	0.00445	0.02692	0.17067	0.01666	0.00793	0.01541	0.01174	0.00847	0.00608	0.00476	0.00273	0.00528	0.00653
0.16778	0.79402	0.88492	1	0.96515	0.64086	0.14634	0.90287	0.86778	0.00804	0.01015	0.19957	0.00473	0.00112	0.00301	0.00246	0.00066	0.00103	0.00121	6e-04	0.00091	0.00063	0.00104	0.00228	0.00192	0.00299	0.00205	0.00215	0.00299	0.00321	0.00188	0.00342	0.00494	0.00309	0.00339	0.00302	0.0026	0.00281	0.00211	0.00178	0.00124	0.00241	0.00206	0.001	0.00169	0.0034	0.00124	0.00122	0.00336	0.00241	0.00255	0.00252	0.0023	0.00344	0.00372	0.00285	0.00224	0.00254	0.00182	0.00125	0.00365	0.0013	0.00132	0.00245	0.0019	0.00148	0.00092	0.00214	0.00371	0.00124	0.00182	0.00481	0.00143	0.00147	0.00659	0.00956	0.00358	0.006	0.01772	0.0083	0.0048	0.01181	0.00243	0.00145	0.00275	0.00537	0.0019	0.00132	0.00502	0.00402	0.0028	0.00444	0.00677	0.00573	0.00527	0.00327	0.00565	0.00558	0.00589	0.00627	0.00439	0.00333	0.00488	0.00636	0.00495	0.0048	0.00719	0.00362	0.00372	0.00424	0.00571	0.00657	0.00371	0.00537	0.00633	0.00401	0.00239	0.00219	0.00597	0.00326	0.00194	0.00542	0.01082	0.00354	0.01401	0.01737	0.00848	0.00272	0.02652	0.10654	0.01317	0.01801	0.59248	0.43858	0.0252	0.22573	0.66882	0.07947	0.01654	0.0276	0.03207	0.01953	0.01066	0.00382	0.00319	0.00922	0.00576
0.06091	0.17289	0.53588	0.96515	1	0.98783	0.97716	0.96583	0.93167	0.01836	0.002	0.00865	0.00477	0.00049	0.00066	0.0014	0.00049	0.00044	0.00064	0.00045	6e-04	0.00052	0.00074	0.00103	0.00116	0.00119	0.00083	0.00048	0.00099	0.00088	0.00068	0.00061	0.00098	0.00092	0.00112	0.00121	0.00124	0.00124	0.00092	0.00087	0.00085	0.00089	0.00084	0.00065	0.00071	0.00151	0.00084	7e-04	0.00135	0.0014	0.00156	0.00146	0.00135	0.00171	0.00204	0.00131	0.00121	0.00151	0.00117	0.00072	0.00144	0.00114	0.00077	0.001	0.00148	0.00118	0.00091	0.00105	0.00199	0.00114	0.00105	0.00193	0.00122	0.00091	0.00265	0.00521	0.00349	0.00483	0.01071	0.01332	0.0052	0.00742	0.00292	0.0014	0.00153	0.00281	0.00193	0.00074	0.00174	0.00317	0.00222	0.00171	0.00352	0.00325	0.003	0.00168	0.00214	0.00232	0.00256	0.0035	0.00216	0.00201	0.00245	0.0024	0.002	0.00208	0.0023	0.00228	0.00225	0.00186	0.00189	0.00231	0.00221	0.00207	0.00177	0.00166	0.00138	0.00097	0.00147	0.00217	0.00124	0.00245	0.0034	0.00233	0.00656	0.01318	0.0046	0.00103	0.02066	0.06384	0.00703	0.00538	0.24256	0.14265	0.0072	0.01548	0.17984	0.0192	0.00303	0.00544	0.00602	0.00456	0.00482	0.00289	0.00195	0.00572	0.00668
0.03499	0.04358	0.03862	0.64086	0.98783	1	0.99359	0.9782	0.97595	0.93241	0.00845	0.00267	0.00154	0.0016	9e-04	0.00109	0.00111	0.00061	0.00063	0.00069	0.00082	6e-04	0.00097	0.00104	0.00075	0.00082	0.00067	0.00056	0.00049	0.00079	5e-04	4e-04	0.00065	0.0011	0.001	0.00095	0.00148	0.00149	0.00068	0.00072	0.00109	0.00082	0.00058	0.00097	0.00096	0.00112	0.00102	0.00087	0.0015	0.00165	0.00176	0.00217	0.00145	0.00167	0.00177	0.00172	0.00108	0.00138	0.00211	0.00111	0.00142	0.00141	0.00148	0.00095	0.00098	0.00147	0.00123	0.00099	0.00148	0.00118	0.00102	0.00131	0.00157	0.00135	0.00292	0.00516	0.00503	0.00492	0.00921	0.02166	0.00638	0.00531	0.00344	0.00207	0.00162	0.00273	0.0029	0.00142	0.0014	0.00264	0.00252	0.00179	0.0029	0.00287	0.00295	0.00184	0.00269	0.0027	0.00292	0.00392	0.00245	0.00275	0.00182	0.00163	0.00145	0.00131	0.00131	0.0015	0.00201	0.00146	0.00133	0.00157	0.00195	0.00151	0.00098	0.00114	0.00144	0.00134	0.00154	0.00135	0.00126	0.00219	0.00245	0.00137	0.00542	0.00749	0.00232	0.00084	0.00458	0.01297	0.00173	0.00092	0.00795	0.00717	0.00092	0.00151	0.00645	0.00175	0.00091	0.0024	0.00293	0.0027	0.00425	0.00262	0.00246	0.00564	0.00679
0.01508	0.01425	0.0138	0.14634	0.97716	0.99359	1	0.97563	0.97839	0.96422	0.93486	0.0089	0.00126	8e-04	0.00139	0.00103	6e-04	0.00074	0.00052	0.00036	0.00054	0.00039	0.00054	0.00072	0.00045	0.00054	0.00045	0.00042	0.00038	0.00044	0.00043	0.00034	0.00049	0.00086	0.00094	6e-04	6e-04	0.00072	0.00043	0.00039	0.00052	0.00064	0.00036	0.00046	0.00055	0.00077	0.00042	0.00048	0.00085	0.00083	0.00096	0.00113	0.0011	0.00145	0.00105	0.00089	0.00055	0.00068	0.00072	0.00079	9e-04	0.00072	0.00098	0.00101	0.00071	0.00094	0.00069	0.00072	0.00093	0.00047	0.00088	0.00098	0.00082	0.00068	0.00177	0.00194	0.00176	0.00241	0.00406	0.00538	0.00309	0.00363	0.00203	0.00129	0.00128	0.0021	0.00149	0.00062	0.00108	0.00113	0.00132	0.00172	0.00233	0.00175	0.00203	0.00124	0.00146	0.00168	0.00155	0.00169	0.00088	0.00104	0.00127	0.00089	0.00105	0.00114	0.00106	0.001	0.00147	0.00098	0.00074	0.00085	0.00086	0.00107	0.00079	0.00092	0.00116	0.00113	0.00235	0.00173	0.0012	0.00394	0.00964	0.00412	0.01571	0.15248	0.02609	0.00292	0.09658	0.20129	0.00397	0.00434	0.15291	0.01541	0.0012	0.00816	0.02704	0.00129	0.00115	0.00258	0.00202	0.00202	0.00257	0.00156	0.00197	0.0048	0.00472
0.02004	0.03368	0.03953	0.90287	0.96583	0.9782	0.97563	1	0.97773	0.97753	0.97691	0.96792	0.0076	0.00107	0.00137	0.00292	0.00126	0.00137	0.00138	0.00038	0.00065	0.00054	5e-04	0.00163	0.00123	0.00127	0.00119	0.00093	0.00121	0.00128	0.00104	0.00107	0.00098	0.00104	0.00105	0.00087	0.00066	0.00083	0.00056	0.00059	0.00051	0.00057	0.00043	0.00027	0.00036	0.00092	0.00033	0.00031	0.00085	0.00056	0.00074	0.00079	0.00084	0.0018	0.00154	0.00094	0.00048	7e-04	0.00046	0.00055	0.00143	0.00077	0.00045	0.0013	0.00117	0.00077	0.00053	0.00099	0.00219	6e-04	0.00104	0.0029	0.00147	0.00072	0.00397	0.011	0.00356	0.00438	0.01898	0.0141	0.00286	0.00548	0.00146	0.00087	0.00166	0.00196	0.00119	0.00051	0.00138	0.00191	0.0013	0.00146	0.00304	0.00256	0.00169	0.00097	0.00182	0.00147	0.00211	0.00215	0.00093	0.00086	0.00199	0.0021	0.00113	0.00178	0.00211	0.00207	0.00233	0.0019	0.00187	0.00392	0.00233	0.00243	0.00262	0.00246	0.00234	0.00167	0.00362	0.00182	0.00089	0.0028	0.01001	0.00518	0.01005	0.34234	0.14904	0.01333	0.6388	0.94859	0.19498	0.03895	0.78664	0.54086	0.00694	0.03244	0.24862	0.01218	0.00369	0.00492	0.00641	0.0057	0.00582	0.00209	0.00205	0.0053	0.00443
0.02066	0.02168	0.02503	0.86778	0.93167	0.97595	0.97839	0.97773	1	0.99149	0.98944	0.97761	0.96449	0.00681	0.00191	0.00202	0.00147	0.00168	0.00253	9e-04	0.00169	0.00081	0.00058	0.00196	0.00157	0.00092	0.001	0.00105	0.00079	0.00064	0.00049	4e-04	5e-04	0.00058	0.00071	0.00056	0.00056	0.00068	0.00062	0.00061	0.00075	0.00074	0.00063	0.00055	0.00045	0.00148	0.00045	0.00046	0.00119	0.00084	0.00095	0.00126	0.00102	0.00146	0.00181	0.00095	0.00056	0.00064	0.00058	0.00057	0.00105	0.00089	0.00051	0.00081	0.00116	0.00095	0.00061	0.00113	0.00223	0.00084	0.00115	0.00473	0.00517	0.00152	0.00895	0.09181	0.03281	0.02497	0.18551	0.29606	0.01571	0.0188	0.00492	0.00163	0.00272	0.00257	0.0021	6e-04	0.00122	0.002	0.00122	0.0014	0.00234	0.0019	0.00147	0.00096	0.00186	0.00181	0.00218	0.00325	0.00136	0.00122	0.00201	0.00206	0.00101	0.00095	0.00119	0.00123	0.00095	0.00078	0.00108	0.00183	0.00105	0.001	0.00128	0.00125	0.00089	0.00115	0.00135	9e-04	0.00052	0.00102	0.00149	0.00103	0.00143	0.01295	0.00947	0.00158	0.02117	0.51071	0.03954	0.00196	0.0433	0.11647	0.00217	0.00088	0.01343	0.00472	0.00091	0.00144	0.00185	0.00227	0.00267	0.00141	0.00162	0.00466	0.00557
0.00475	0.00458	0.00128	0.00804	0.01836	0.93241	0.96422	0.97753	0.99149	1	0.99307	0.98528	0.98203	0.96681	0.0107	0.00299	0.00238	0.00184	0.00306	0.0012	0.00348	0.00093	0.00059	0.00127	0.00089	0.00086	0.00059	0.00076	0.00047	0.00049	0.00042	0.00032	0.00035	0.00046	0.00059	0.00048	0.00053	0.00059	0.00036	0.00039	0.00052	0.00054	0.00032	0.00037	0.00042	0.00086	0.00059	0.00062	0.00172	0.00137	0.00176	0.00217	0.0014	0.00171	0.00171	0.00108	0.00086	9e-04	0.00079	0.00066	0.0011	0.00096	0.00077	0.00094	0.00125	0.00091	0.00065	0.00092	0.00101	8e-04	0.00059	0.00167	0.00227	0.00102	0.00237	0.01587	0.00946	0.00554	0.01629	0.03545	0.00626	0.00346	0.00174	0.00134	0.00201	0.00193	0.00162	0.00058	0.00098	0.00156	0.00118	0.00154	0.00274	0.00215	0.00152	0.00118	0.00224	0.00213	0.00205	0.00168	0.00128	0.00154	0.00173	0.00128	0.00108	0.00114	0.00092	0.00139	0.00097	0.00079	0.00112	0.00107	0.00073	0.00077	0.00067	0.00116	0.00082	0.00142	0.00176	0.0016	0.00108	0.0023	0.00373	0.00286	0.00419	0.04038	0.02136	0.00204	0.01433	0.13595	0.00436	0.00091	0.00279	0.00394	0.00033	0.00048	0.00134	0.00058	0.00072	0.00104	0.0014	0.00143	0.00223	0.00122	0.0016	0.00371	0.00516
0.00387	0.00308	0.00223	0.01015	0.002	0.00845	0.93486	0.97691	0.98944	0.99307	1	0.99179	0.99081	0.98369	0.96495	0.01509	0.00371	0.00193	0.0025	0.00067	0.00297	0.00097	0.00062	0.00291	0.00143	0.00165	0.00133	0.00276	0.00175	0.00113	0.00095	0.00133	0.00112	0.00083	0.00111	0.00084	0.00082	0.00085	0.00076	0.00052	0.00051	0.00139	9e-04	0.00036	0.00078	0.00161	0.00059	0.00073	0.00261	0.00104	0.00171	0.00162	0.00123	0.00222	0.00209	0.00099	0.00094	0.00088	0.00083	0.00054	0.00154	0.00063	0.00064	0.00109	0.00208	0.00141	5e-04	0.00253	0.00268	7e-04	0.00098	0.00451	0.00236	0.00053	0.0056	0.0214	0.00336	0.00262	0.01109	0.00471	0.00117	0.00258	0.00067	0.00066	0.00235	0.00358	0.00154	0.00056	0.00314	0.00308	0.00123	0.00256	0.00453	0.00466	0.00218	0.0015	0.00424	0.00218	0.00531	0.00274	0.00143	0.00163	0.00343	0.00348	0.0014	0.00275	0.00338	0.00211	0.00206	0.00288	0.00545	0.00548	0.00263	0.00694	0.00851	0.00569	0.00209	0.00697	0.02145	0.00717	0.00273	0.02356	0.11879	0.05167	0.01378	0.52251	0.80579	0.06439	0.25628	0.93368	0.2824	0.00595	0.1344	0.1311	0.00207	0.0031	0.01254	0.00304	0.00303	0.00302	0.00517	0.00754	0.00503	0.00121	0.00192	0.0052	0.00515
0.00903	0.0096	0.00382	0.19957	0.00865	0.00267	0.0089	0.96792	0.97761	0.98528	0.99179	1	0.99199	0.98786	0.98143	0.95486	0.04582	0.01155	0.0139	0.00155	0.0128	0.00194	0.00133	0.02834	0.01193	0.00337	0.00235	0.01223	0.00995	0.00152	0.00147	0.00218	0.00164	0.00078	0.00123	0.00112	0.00087	0.00083	7e-04	0.00062	0.00033	0.00087	0.00131	3e-04	0.00058	0.00242	0.00045	0.00044	0.00196	7e-04	0.00111	0.00085	0.00076	0.00164	0.00281	0.00077	0.00068	8e-04	0.00051	0.00058	0.00331	0.00094	0.00051	0.00263	0.00884	0.00241	0.00069	0.01154	0.02123	0.00198	0.00178	0.09205	0.04732	0.00251	0.05015	0.66095	0.05869	0.01048	0.17406	0.06681	0.00186	0.00762	0.00207	7e-04	0.00241	0.00892	0.00227	0.00035	0.00394	0.00429	0.00102	0.00179	0.00428	0.00453	0.00176	0.00157	0.00435	0.00197	0.00678	0.00369	0.0018	8e-04	0.00263	0.00549	0.00091	0.0026	0.00596	0.00321	0.00212	0.00351	0.00835	0.00934	0.00314	0.00539	0.01488	0.00682	0.00214	0.00624	0.02757	0.00839	0.00173	0.00462	0.03847	0.01002	0.00172	0.03066	0.52221	0.03312	0.04238	0.9417	0.84806	0.0225	0.19038	0.80883	0.01613	0.00343	0.03377	0.0173	0.00544	0.00239	0.00586	0.01094	0.00572	0.00135	0.00187	0.00671	0.00628
0.00509	0.00381	0.00073	0.00473	0.00477	0.00154	0.00126	0.0076	0.96449	0.98203	0.99081	0.99199	1	0.99167	0.9826	0.97087	0.93631	0.09514	0.02476	0.00428	0.01096	0.00249	0.0018	0.00586	0.00301	0.00159	0.00086	0.00169	0.00099	0.00052	0.00029	0.00027	0.00027	0.00025	0.00025	0.00024	0.00028	0.00028	0.00023	0.00026	0.00032	0.00035	4e-04	0.00029	0.00038	0.00114	0.00049	0.00047	0.00142	0.00137	0.00083	0.00131	0.00079	8e-04	0.00067	0.00053	0.00048	5e-04	4e-04	0.00046	0.00127	0.00089	0.00024	0.00076	0.00191	0.00138	0.00049	0.00194	0.00811	0.00238	0.00086	0.02034	0.06132	0.00439	0.01401	0.52772	0.12196	0.00765	0.05696	0.13891	0.00344	0.00286	0.00269	0.00097	0.00137	0.00209	0.00194	0.00038	0.00078	0.0017	0.00077	0.00095	0.00149	0.00193	0.00133	0.00104	0.00194	0.00145	0.00144	0.00177	0.00108	0.00077	0.00109	0.0012	8e-04	7e-04	0.00076	0.00101	7e-04	0.00057	0.00095	9e-04	0.00082	0.00066	0.00093	0.00095	0.00063	0.00137	0.00266	0.00202	0.0013	0.0023	0.00327	0.00124	0.00054	0.00152	0.00623	0.00121	0.00064	0.0119	0.01531	0.00238	0.00221	0.01823	0.00243	0.00067	0.00197	0.0016	0.00099	0.00072	0.00102	0.00168	0.00222	0.00094	0.00134	0.00349	0.00505
0.00164	0.0017	0.00064	0.00112	0.00049	0.0016	8e-04	0.00107	0.00681	0.96681	0.98369	0.98786	0.99167	1	0.98823	0.92956	0.95318	0.68948	0.04614	0.00396	0.00489	7e-04	0.00152	0.004	0.00112	0.00084	0.00099	0.00183	0.00068	0.00033	0.00046	0.00047	0.00037	0.00045	0.00043	0.00041	0.00044	0.00051	0.00028	0.00026	0.00042	0.00061	0.00036	0.00029	0.00043	0.00073	0.00035	0.00062	0.00177	0.00121	0.00119	0.00196	0.00166	0.00196	0.00128	0.00074	0.00078	0.00058	0.00061	0.00061	0.00116	0.00047	0.00042	0.00069	0.00097	0.00064	0.00035	0.00087	0.00151	0.00095	0.00085	0.00389	0.00389	0.00113	0.00171	0.00836	0.00335	0.00134	0.00139	0.00158	0.00143	0.00124	0.00056	0.00098	0.00144	0.00173	0.00169	0.00066	0.00137	0.002	0.00127	0.00188	0.00213	0.00267	0.00162	0.00193	0.00251	0.00208	0.00317	0.00171	0.00105	0.00087	0.0015	0.00131	0.00088	0.00131	0.00114	0.00156	0.00122	0.00106	0.00128	0.00171	0.00115	0.00189	0.0036	0.00299	0.00167	0.00719	0.02093	0.00725	0.00516	0.06327	0.08428	0.00938	0.00389	0.02402	0.08143	0.00221	0.00203	0.04673	0.01589	0.00128	0.00215	0.00457	0.00083	0.00123	0.00197	0.00112	0.00159	0.00121	0.00206	0.00226	0.00351	0.00136	0.00195	0.00377	0.0042
0.00242	0.00231	0.0013	0.00301	0.00066	9e-04	0.00139	0.00137	0.00191	0.0107	0.96495	0.98143	0.9826	0.98823	1	0.97709	0.96401	0.85605	0.73195	0.01381	0.02639	0.00323	0.01157	0.19949	0.01651	0.00361	0.00892	0.06298	0.01252	0.00121	0.00192	0.0035	0.0011	0.00065	0.00088	0.00082	0.00081	0.00074	7e-04	0.00061	0.00049	0.00121	0.00164	0.00043	0.00091	0.00278	0.00054	0.00098	0.00353	0.00154	0.0014	0.00158	0.001	0.00365	0.00343	0.00149	0.00105	0.00133	6e-04	0.00066	0.00232	0.00059	0.00039	0.00215	0.0039	0.00226	0.00072	0.00851	0.03454	0.00341	0.00239	0.09608	0.0344	0.00177	0.00903	0.0918	0.00322	0.00145	0.00876	0.00149	0.00082	0.00539	0.00111	0.00116	0.00299	0.0044	0.00208	7e-04	0.00357	0.00398	0.00139	0.00335	0.005	0.00466	0.00167	0.00185	0.00408	0.00204	0.0061	0.00271	0.00144	0.00097	0.00262	0.00363	0.00146	0.00405	0.00569	0.00368	0.00348	0.00504	0.01015	0.01035	0.00433	0.02178	0.12605	0.02055	0.00594	0.06336	0.42379	0.05771	0.01394	0.18403	0.47292	0.07904	0.00841	0.07525	0.59039	0.0267	0.00951	0.32716	0.62247	0.00547	0.01116	0.09795	0.01155	0.00389	0.01801	0.01763	0.00714	0.0038	0.00857	0.01239	0.00648	0.00179	0.00299	0.00769	0.00674
0.00205	0.00236	0.00077	0.00246	0.0014	0.00109	0.00103	0.00292	0.00202	0.00299	0.01509	0.95486	0.97087	0.92956	0.97709	1	0.98775	0.94871	0.94098	0.05764	0.06194	0.01369	0.02319	0.31476	0.06841	0.00783	0.0077	0.05085	0.0219	0.00168	0.00159	0.00303	0.00171	0.00098	0.00107	0.00114	0.00104	0.0012	0.00107	0.00066	0.00055	0.00147	0.00205	0.00048	0.00106	0.00304	0.00084	0.00089	0.00375	0.00149	0.00094	0.00103	0.00093	0.00175	0.00256	0.00138	0.0012	0.00129	0.00052	0.00048	0.00374	0.00077	4e-04	0.00372	0.01775	0.0062	0.00083	0.02713	0.31969	0.02793	0.00515	0.47526	0.60986	0.01373	0.04214	0.53177	0.0405	0.00377	0.03502	0.01303	0.00173	0.00589	0.0028	0.00181	0.00275	0.00776	0.00298	0.00073	0.00464	0.00816	0.00189	0.00311	0.00815	0.0088	0.00275	0.00209	0.00839	0.0037	0.00845	0.00438	0.00319	0.00131	0.0038	0.00827	0.00202	0.00381	0.00569	0.00455	0.00338	0.00575	0.01034	0.01169	0.00471	0.02	0.06274	0.01097	0.00453	0.02034	0.09021	0.01954	0.00513	0.01048	0.04428	0.00811	0.00197	0.00186	0.02119	0.00278	0.00125	0.00805	0.04694	0.00283	0.00213	0.0609	0.02158	0.00415	0.01878	0.03431	0.00996	0.00413	0.00717	0.01552	0.01144	0.00248	0.0033	0.01092	0.00843
0.00107	0.00142	0.00105	0.00066	0.00049	0.00111	6e-04	0.00126	0.00147	0.00238	0.00371	0.04582	0.93631	0.95318	0.96401	0.98775	1	0.9899	0.94801	0.07744	0.0246	0.00675	0.0103	0.01213	0.00473	0.0022	0.00178	0.00193	0.00188	0.00072	0.00038	0.00039	0.00033	0.00031	0.00029	0.00036	0.00044	0.00036	0.00025	0.00021	0.00031	0.00038	0.00031	3e-04	0.00045	0.00104	0.00077	0.001	0.00215	0.00183	0.00119	0.00192	0.00146	0.00157	0.0014	0.00156	0.00113	0.00083	0.00051	0.00051	0.00088	7e-04	4e-04	0.00088	0.00297	0.00264	0.00039	0.0031	0.02883	0.00768	0.00182	0.0211	0.07396	0.00834	0.00541	0.02451	0.01093	0.00154	0.00297	0.00395	0.0023	0.00183	0.00148	0.0018	0.00138	0.00158	0.00138	7e-04	0.00109	0.00282	0.00195	0.00215	0.0038	0.00465	0.00255	0.00171	0.00314	0.00274	0.00333	0.00192	0.0012	0.00112	0.00177	0.00168	0.00131	0.00151	0.00104	0.00101	0.00106	0.00101	0.0012	0.00119	0.001	0.00242	0.00812	0.00269	0.00316	0.01904	0.04104	0.0114	0.01043	0.02568	0.01294	0.00178	0.00169	0.00236	0.0032	0.00094	0.00109	0.00179	0.00274	0.00075	0.00096	0.00269	0.00299	0.00174	0.00306	0.00371	0.00301	0.0025	0.00193	0.00301	0.00408	0.00179	0.00254	0.00555	0.00597
0.00142	0.0012	0.00088	0.00103	0.00044	0.00061	0.00074	0.00137	0.00168	0.00184	0.00193	0.01155	0.09514	0.68948	0.85605	0.94871	0.9899	1	0.99082	0.48874	0.04789	0.01047	0.03997	0.02589	0.00244	0.00179	0.00542	0.00261	0.00196	0.00078	0.00079	0.00095	6e-04	0.00052	0.00044	0.00056	0.00044	0.00049	0.00031	0.00028	0.00038	6e-04	0.00039	0.00033	0.00075	0.00155	0.00107	0.00156	0.00309	0.00194	0.00169	0.00214	0.00206	0.00216	0.00211	0.00142	0.00119	0.00083	0.00048	0.00051	0.00108	0.00091	0.00053	0.00117	0.00328	0.00415	0.00058	0.00526	0.0219	0.00391	0.00177	0.01655	0.01469	0.00189	0.00351	0.00663	0.00163	0.00126	0.00279	0.00126	0.00186	0.00398	0.00141	0.00124	0.00204	0.00213	0.00131	0.00089	0.0017	0.00227	0.0017	0.0026	0.00498	0.00538	0.00261	0.00194	0.00308	0.00281	0.00477	0.00283	0.00164	0.00182	0.00307	0.00214	0.00092	0.00148	0.00151	0.00081	0.00105	0.00196	0.00318	0.00259	0.00211	0.01222	0.0585	0.0074	0.01126	0.2431	0.38951	0.05147	0.05088	0.23579	0.07443	0.00558	0.00353	0.00879	0.00891	0.0018	0.00176	0.00579	0.00512	0.00089	0.00203	0.00656	0.00489	0.00299	0.00622	0.00759	0.0038	0.0031	0.00411	0.00495	0.00437	0.00184	0.00334	0.00689	0.00618
0.00196	0.00183	0.00095	0.00121	0.00064	0.00063	0.00052	0.00138	0.00253	0.00306	0.0025	0.0139	0.02476	0.04614	0.73195	0.94098	0.94801	0.99082	1	0.98595	0.84089	0.10245	0.82981	0.88489	0.03453	0.02367	0.07947	0.05347	0.02041	0.00355	0.00256	0.00257	0.00194	0.00078	0.00057	0.00074	0.00065	0.00069	0.00048	0.00032	0.00055	0.00085	0.00067	0.00046	0.00071	0.00223	0.00103	0.00129	0.00311	0.00212	0.0023	0.00266	0.00178	0.00277	0.00381	0.0019	0.00121	0.00139	0.00066	7e-04	0.00308	0.00218	0.00131	0.00304	0.02394	0.02372	0.00172	0.03917	0.52122	0.02046	0.00679	0.21561	0.12802	0.00455	0.00829	0.03652	0.00333	0.00185	0.00717	0.00215	0.00221	0.00535	0.00196	0.00146	0.00254	0.00416	0.00273	0.00091	0.00313	0.00299	0.00208	0.0031	0.00483	0.00698	0.0034	0.00238	0.00655	0.00352	0.00741	0.00317	0.00176	0.00113	0.0022	0.00286	0.001	0.00231	0.0036	0.00231	0.00188	0.0043	0.0185	0.00771	0.00566	0.08755	0.26218	0.01545	0.03947	0.47855	0.53283	0.07234	0.02812	0.07556	0.03113	0.00421	0.00234	0.00301	0.00802	0.00242	0.0023	0.00346	0.01297	0.00215	0.00214	0.00921	0.01586	0.00404	0.0081	0.01571	0.00696	0.00412	0.00596	0.01053	0.00799	0.00208	0.00342	0.00844	0.00609
0.0016	0.00161	0.00083	6e-04	0.00045	0.00069	0.00036	0.00038	9e-04	0.0012	0.00067	0.00155	0.00428	0.00396	0.01381	0.05764	0.07744	0.48874	0.98595	1	0.99343	0.97612	0.96921	0.89428	0.02919	0.00501	0.0072	0.00347	0.00236	0.00083	0.00052	5e-04	5e-04	0.00056	0.00034	0.00031	0.00027	0.00031	0.00018	0.00016	0.00027	0.00038	0.00022	0.00035	0.00056	0.00116	0.00082	0.00162	0.00193	0.00218	0.0021	0.0024	0.00183	0.00137	0.00147	0.00127	0.00093	0.00054	4e-04	0.00025	0.00048	0.00063	3e-04	0.00086	0.00546	0.00863	0.00082	0.0086	0.1859	0.01091	0.00205	0.02289	0.0254	0.00356	0.00194	0.00483	0.00236	0.00111	0.00213	0.0022	0.00173	0.0014	0.00126	0.00115	0.00104	0.00089	0.00146	0.00058	0.00076	0.00128	0.00137	0.0018	0.00224	0.00335	0.00207	0.00127	0.00331	0.00195	0.00246	0.00216	0.00119	0.00079	0.00083	0.00069	0.00063	0.00068	5e-04	0.00049	0.00061	0.00063	0.00199	0.00125	0.00117	0.01029	0.03505	0.00391	0.01344	0.25247	0.10426	0.02055	0.01005	0.01097	0.00443	0.00103	0.00106	0.001	0.00105	0.00082	0.00102	0.00085	0.00125	0.0016	0.00076	0.00177	0.00424	0.00233	0.00277	0.0029	0.00263	0.0025	0.00231	0.0032	0.00338	0.00137	0.00161	0.00387	0.00483
0.00169	0.00185	0.00086	0.00091	6e-04	0.00082	0.00054	0.00065	0.00169	0.00348	0.00297	0.0128	0.01096	0.00489	0.02639	0.06194	0.0246	0.04789	0.84089	0.99343	1	0.99506	0.98775	0.96854	0.8953	0.03226	0.00915	0.00472	0.00742	0.00308	0.00193	0.00191	0.00138	9e-04	0.00103	9e-04	6e-04	0.00072	0.00055	5e-04	0.00061	0.00089	0.00051	0.00056	0.00097	0.00282	0.00148	0.00226	0.00627	0.00616	0.00432	0.00423	0.0031	0.0037	0.00346	0.00311	0.00185	0.00103	0.00074	0.00073	0.00266	0.00504	0.00182	0.00733	0.25517	0.32654	0.01216	0.15825	0.88899	0.09255	0.00891	0.12262	0.08168	0.00427	0.00701	0.01347	0.00227	0.0019	0.00377	0.0024	0.00295	0.00346	0.0013	0.00166	0.00177	0.00177	0.0014	0.00115	0.00238	0.00231	0.002	0.00318	0.00349	0.0053	0.00226	0.00164	0.00392	0.00295	0.00482	0.00327	0.0018	0.00113	0.00177	0.00199	0.00083	0.00189	0.00228	0.00149	0.00092	0.00258	0.01006	0.00213	0.00224	0.0525	0.07395	0.00315	0.01597	0.22219	0.04023	0.00636	0.00479	0.00794	0.00413	0.00126	0.00216	0.00227	0.00253	0.00144	0.00353	0.00367	0.00397	0.00241	0.00234	0.00467	0.00801	0.00305	0.00527	0.00782	0.00474	0.00319	0.00526	0.006	0.00683	0.00207	0.00321	0.00666	0.00716
0.00166	0.00198	0.00077	0.00063	0.00052	6e-04	0.00039	0.00054	0.00081	0.00093	0.00097	0.00194	0.00249	7e-04	0.00323	0.01369	0.00675	0.01047	0.10245	0.97612	0.99506	1	0.9922	0.97606	0.96021	0.91355	0.02109	0.00438	0.00184	0.00192	0.00119	5e-04	7e-04	0.00041	0.00035	0.00045	0.00035	0.00035	0.00027	0.00034	0.00033	0.00037	3e-04	0.00045	0.00075	0.00162	0.00172	0.00279	0.00619	0.00807	0.00661	0.00382	0.00369	0.00382	0.00343	0.00208	0.00169	0.00156	0.00103	0.00107	0.00821	0.0899	0.00786	0.02261	0.65972	0.64223	0.01114	0.04964	0.4789	0.0187	0.00261	0.01179	0.01024	0.00152	0.00109	0.00256	0.00135	0.00112	0.00145	0.0019	0.00228	0.00184	0.00121	0.00079	0.00092	0.00101	0.00109	0.00078	0.00139	0.00154	0.00186	0.00171	0.00165	0.00213	0.00154	0.00101	0.00171	0.00163	0.00138	0.00128	0.00062	0.00068	0.00075	0.00062	4e-04	0.00033	0.00029	0.00023	0.00027	0.00032	0.00081	0.00048	0.00072	0.00441	0.00522	9e-04	0.00645	0.03135	0.00392	0.00141	0.00221	0.00185	0.00112	0.00062	0.00118	0.00115	0.00074	0.00095	0.00131	0.00135	0.00156	0.00148	0.00108	0.00128	0.002	0.00111	0.00135	0.00148	0.00145	0.00135	0.0012	0.0016	0.00214	0.00131	0.00145	0.00339	0.00441
0.00156	0.00192	0.00103	0.00104	0.00074	0.00097	0.00054	5e-04	0.00058	0.00059	0.00062	0.00133	0.0018	0.00152	0.01157	0.02319	0.0103	0.03997	0.82981	0.96921	0.98775	0.9922	1	0.98988	0.98826	0.97243	0.96007	0.01935	0.00285	0.00132	0.00199	0.00093	0.00075	0.00087	0.00048	0.00041	0.00046	0.00048	0.00028	0.00024	0.00038	6e-04	3e-04	0.00034	0.00116	0.0023	0.00305	0.00482	0.0111	0.01515	0.01896	0.00966	0.01121	0.01837	0.01442	0.00788	0.00267	0.00386	0.00232	0.00088	0.00483	0.03277	0.00345	0.00337	0.07415	0.03557	0.0025	0.00532	0.02686	0.00146	0.00103	0.00277	0.00132	0.00049	0.00072	0.00116	7e-04	0.00113	0.00181	0.00137	0.00173	0.00216	0.00103	0.00076	0.00086	0.00116	0.00114	0.00052	0.00117	0.00097	0.00096	0.00137	0.00131	0.00223	0.00121	0.00083	0.00173	0.00113	0.00165	0.00106	9e-04	0.00107	0.00071	0.00046	0.00025	0.00032	0.00017	0.00015	0.00016	0.00065	0.00203	0.00069	0.00304	0.05223	0.02011	0.00157	0.06897	0.41553	0.0086	0.00163	0.00498	0.00451	0.00199	9e-04	0.00165	0.00178	9e-04	8e-04	0.00159	0.00086	0.00127	0.0013	0.00097	0.00111	0.00185	0.00098	0.00134	0.00154	0.00146	0.00117	0.0015	0.0014	0.002	0.00092	0.00112	0.00301	0.0039
0.00164	0.00252	0.00129	0.00228	0.00103	0.00104	0.00072	0.00163	0.00196	0.00127	0.00291	0.02834	0.00586	0.004	0.19949	0.31476	0.01213	0.02589	0.88489	0.89428	0.96854	0.97606	0.98988	1	0.99344	0.98479	0.97093	0.97532	0.01741	0.00298	0.00185	0.00287	0.00242	9e-04	0.00137	0.00097	0.00047	0.00068	0.00075	0.00034	3e-04	0.00168	0.00126	0.00039	0.00212	0.00764	0.00339	0.00766	0.01759	0.01122	0.01487	0.00974	0.00743	0.01873	0.01494	0.00758	0.00313	0.00228	0.00132	0.00088	0.00458	0.00591	0.00155	0.02298	0.11819	0.02233	0.00391	0.18868	0.70619	0.01128	0.00648	0.13286	0.0081	0.00074	0.00539	0.00619	0.00094	0.00147	0.00388	0.00119	0.00127	0.00296	0.001	0.00074	0.00156	0.00368	0.00179	7e-04	0.00475	0.00361	0.00116	0.00247	0.00508	0.00768	0.00214	0.00148	0.00394	0.00206	0.00601	0.00274	0.00167	0.0011	0.00162	0.00152	0.00052	0.00122	0.00374	0.00119	7e-04	0.01017	0.14204	0.00365	0.01929	0.89373	0.51026	0.00648	0.25919	0.82444	0.04149	0.00412	0.00599	0.00544	0.00632	0.00193	0.00366	0.00297	0.00522	0.00415	0.00424	0.00433	0.01018	0.00619	0.00195	0.0063	0.01115	0.00264	0.00552	0.00899	0.00527	0.00197	0.0042	0.0062	0.00511	0.00117	0.00148	0.00493	0.00406
0.00166	0.00178	0.00079	0.00192	0.00116	0.00075	0.00045	0.00123	0.00157	0.00089	0.00143	0.01193	0.00301	0.00112	0.01651	0.06841	0.00473	0.00244	0.03453	0.02919	0.8953	0.96021	0.98826	0.99344	1	0.99554	0.98836	0.98761	0.97685	0.02392	0.00343	0.00198	0.00418	0.00146	0.00123	0.00201	0.00107	6e-04	0.00137	0.00068	0.00034	0.00314	0.00318	0.00084	0.00354	0.01424	0.0092	0.01908	0.03446	0.01584	0.01812	0.00886	0.00793	0.01745	0.01485	0.00595	0.00318	0.00433	0.00227	0.00323	0.08936	0.07467	0.01262	0.25848	0.96052	0.59474	0.08323	0.88585	0.96178	0.03681	0.01252	0.25838	0.01589	0.00133	0.00386	0.0077	0.00119	0.00114	0.00342	0.00185	0.0013	0.00271	0.00087	0.00084	0.00155	0.00428	0.00144	0.00049	0.00249	0.00322	0.0011	0.00137	0.00325	0.00501	0.00149	0.00097	0.00322	0.00182	0.0044	0.00301	0.00163	0.00074	0.0015	0.0018	0.00044	0.00072	0.00564	0.00244	0.00038	0.00581	0.06366	0.00221	0.00376	0.27728	0.04196	0.00131	0.00354	0.02743	0.0047	0.00096	0.00194	0.00174	0.00445	0.00202	0.00366	0.0026	0.00603	0.00531	0.00334	0.00331	0.0085	0.00369	0.0014	0.00481	0.0141	0.00361	0.00389	0.01219	0.0079	0.00258	0.00389	0.00682	0.00552	0.00135	0.00152	0.00453	0.00431
0.00217	0.0037	0.00106	0.00299	0.00119	0.00082	0.00054	0.00127	0.00092	0.00086	0.00165	0.00337	0.00159	0.00084	0.00361	0.00783	0.0022	0.00179	0.02367	0.00501	0.03226	0.91355	0.97243	0.98479	0.99554	1	0.99018	0.99405	0.98436	0.97914	0.01552	0.00235	0.00166	0.00196	0.00151	0.00106	0.00104	7e-04	0.00124	0.00122	0.00054	0.00537	0.00824	0.00291	0.01057	0.06149	0.04298	0.09115	0.1615	0.08063	0.08591	0.04549	0.03806	0.12102	0.13491	0.05469	0.0123	0.04755	0.02415	0.01545	0.70155	0.66141	0.03081	0.27761	0.94386	0.11267	0.00891	0.15805	0.09775	0.00542	0.00101	0.00664	0.00224	0.00053	0.00142	0.00191	0.00089	0.00077	0.00177	0.00145	0.00106	0.00208	0.00088	0.00055	0.00146	0.00342	0.00109	0.00037	0.00153	0.00163	0.00091	0.00099	0.00171	0.00228	0.00105	0.00073	0.00206	0.00123	0.00229	0.00131	0.00091	5e-04	0.00052	4e-04	0.00022	0.00023	0.00037	0.00027	0.00033	0.00094	0.0029	0.00043	0.00285	0.0283	0.00252	0.00084	0.01006	0.00998	0.00068	0.00069	0.00191	0.00168	0.00356	0.00159	0.00355	0.00267	0.00234	0.00227	0.00202	0.00181	0.00292	0.00152	0.00069	0.00137	0.00324	0.00168	0.00133	0.00283	0.00237	0.00099	0.00167	0.0026	0.00334	0.00111	0.00128	0.00355	0.00393
0.00163	0.00258	0.00101	0.00205	0.00083	0.00067	0.00045	0.00119	0.001	0.00059	0.00133	0.00235	0.00086	0.00099	0.00892	0.0077	0.00178	0.00542	0.07947	0.0072	0.00915	0.02109	0.96007	0.97093	0.98836	0.99018	1	0.98963	0.97686	0.97654	0.964	0.01005	0.00183	9e-04	0.00146	0.00121	0.00074	0.00061	0.00107	0.00048	0.00028	0.0016	0.00188	0.00062	0.0023	0.00977	0.00764	0.01348	0.04969	0.03045	0.05521	0.02685	0.02309	0.07397	0.10391	0.0362	0.00583	0.01402	0.00549	0.0032	0.09182	0.03128	0.00359	0.0073	0.06332	0.00658	0.00342	0.01446	0.00399	0.00055	0.0014	0.00527	6e-04	0.00047	0.0015	0.00115	0.00053	0.00104	0.00159	0.00063	0.00076	0.00154	0.00056	0.00042	0.00083	0.00227	0.00087	0.00024	0.00109	0.00079	0.00044	0.00073	0.0014	0.00178	0.00076	0.00071	0.00142	0.00109	0.00225	0.00079	0.00054	3e-04	0.00034	0.00023	0.00011	0.00053	0.00188	0.00061	0.00208	0.12358	0.08076	0.00315	0.2273	0.93084	0.0585	0.00826	0.58928	0.35287	0.00257	0.00292	0.00347	0.00234	0.00336	0.00142	0.00267	0.0018	0.00153	0.00112	0.00098	0.00091	0.00152	0.00093	0.00059	0.00109	0.00193	0.00082	0.00078	0.00133	0.00108	0.00063	0.00151	0.00215	0.00229	0.00069	0.00121	0.00307	0.00318
0.00143	0.00234	0.00084	0.00215	0.00048	0.00056	0.00042	0.00093	0.00105	0.00076	0.00276	0.01223	0.00169	0.00183	0.06298	0.05085	0.00193	0.00261	0.05347	0.00347	0.00472	0.00438	0.01935	0.97532	0.98761	0.99405	0.98963	1	0.99375	0.99253	0.97845	0.97553	0.01202	0.002	0.00118	0.00148	0.00107	0.00073	0.0054	0.00145	0.00035	0.00747	0.00937	0.00089	0.00382	0.01614	0.00376	0.0046	0.01373	0.00668	0.01207	0.00794	0.00569	0.01995	0.02626	0.00928	0.00347	0.00585	0.0019	0.00358	0.052	0.00935	0.00239	0.11893	0.27016	0.00394	0.01054	0.51739	0.09422	0.00204	0.02083	0.1374	0.00236	0.00067	0.00437	0.00365	0.00044	0.00076	0.00206	0.00042	0.00037	0.00135	3e-04	0.00036	0.00074	0.00176	5e-04	0.00022	0.00162	0.00114	0.00037	0.00096	0.00247	0.00222	0.00082	0.00072	0.00277	0.001	0.00496	0.00142	0.00074	0.00049	0.00194	0.00207	0.00034	0.0066	0.42093	0.02096	0.01786	0.94174	0.94649	0.02455	0.36472	0.96891	0.18263	0.00256	0.03151	0.0459	0.0023	0.00098	0.00082	0.00121	0.00358	0.00111	0.00277	0.00141	0.00318	0.00187	0.00134	0.00274	0.01016	0.0025	0.00107	0.006	0.02109	0.00194	0.00227	0.00697	0.00429	0.00073	0.00253	0.00451	0.00315	0.00072	0.00122	0.00395	0.00326
0.00156	0.00242	0.00109	0.00299	0.00099	0.00049	0.00038	0.00121	0.00079	0.00047	0.00175	0.00995	0.00099	0.00068	0.01252	0.0219	0.00188	0.00196	0.02041	0.00236	0.00742	0.00184	0.00285	0.01741	0.97685	0.98436	0.97686	0.99375	1	0.99364	0.98666	0.97954	0.97488	0.01513	0.00286	0.00293	0.00295	0.00321	0.06844	0.05854	0.00468	0.12601	0.34599	0.01585	0.0343	0.24796	0.03334	0.02576	0.1264	0.04096	0.08852	0.0348	0.02052	0.10081	0.17419	0.04918	0.01585	0.04547	0.01447	0.03019	0.75502	0.14487	0.02093	0.82676	0.89669	0.02246	0.04264	0.75566	0.10976	0.00207	0.00725	0.04897	0.00258	0.00048	0.00356	0.00568	0.00073	0.00071	0.00269	0.00078	0.00048	0.00223	0.00064	0.00046	0.00159	0.00378	0.00108	0.00033	0.00309	0.00267	0.00068	0.00165	0.00467	0.00269	0.00096	8e-04	0.00322	0.0013	0.00453	0.00218	0.00094	0.00067	0.00316	0.00354	0.00054	0.00549	0.16209	0.00546	0.00199	0.22483	0.07005	0.00186	0.00168	0.02535	0.00362	0.00034	0.00063	0.0011	0.00095	7e-04	0.00069	0.00117	0.00553	0.00152	0.00418	0.00162	0.00296	0.00332	0.00174	0.0023	0.00845	0.00203	7e-04	0.00399	0.0111	0.00199	0.00166	0.00685	0.00638	0.00106	0.00251	0.00777	0.00488	0.0011	0.00187	0.00751	0.00596
0.00149	0.00286	0.0011	0.00321	0.00088	0.00079	0.00044	0.00128	0.00064	0.00049	0.00113	0.00152	0.00052	0.00033	0.00121	0.00168	0.00072	0.00078	0.00355	0.00083	0.00308	0.00192	0.00132	0.00298	0.02392	0.97914	0.97654	0.99253	0.99364	1	0.99451	0.99059	0.98539	0.96966	0.01446	0.00472	0.00431	0.00117	0.0295	0.03463	0.00504	0.01678	0.08201	0.01304	0.01003	0.1018	0.04469	0.03709	0.1876	0.13133	0.23146	0.12208	0.06925	0.20395	0.35622	0.1536	0.04535	0.1281	0.02089	0.0484	0.50469	0.03501	0.00284	0.0325	0.08313	0.0033	0.00115	0.01254	0.00384	0.00074	0.00121	0.00187	0.00104	0.00045	0.00177	0.0022	0.00082	0.00086	0.00141	0.00072	0.00052	0.00184	7e-04	0.00051	0.0011	0.00228	0.00086	0.00025	0.00097	0.00122	0.00052	0.00079	0.00157	0.00161	0.00084	0.00062	0.00155	0.00099	0.00152	0.00089	0.00043	0.00021	3e-04	0.00027	0.00018	0.00069	0.00306	0.00045	0.00173	0.02141	0.00204	0.00067	0.01353	0.02817	0.00043	0.00079	0.01002	0.00106	0.00097	0.00192	0.00115	0.00218	0.00442	0.00174	0.00343	0.00167	0.00145	0.0017	0.00191	0.00189	0.00265	0.00159	0.00064	0.00144	0.00249	0.00123	0.00105	0.00183	0.00199	0.00089	0.00173	0.00294	0.00316	0.00088	0.00181	0.00677	0.00686
0.0013	0.00199	0.00094	0.00188	0.00068	5e-04	0.00043	0.00104	0.00049	0.00042	0.00095	0.00147	0.00029	0.00046	0.00192	0.00159	0.00038	0.00079	0.00256	0.00052	0.00193	0.00119	0.00199	0.00185	0.00343	0.01552	0.964	0.97845	0.98666	0.99451	1	0.99162	0.9879	0.97956	0.94841	0.04045	0.01153	0.00385	0.01044	0.00754	0.00121	0.00442	0.00685	0.00135	0.00242	0.00967	0.00459	0.00678	0.03563	0.02357	0.05473	0.03057	0.02107	0.04539	0.06967	0.02538	0.01044	0.01448	0.00246	0.00289	0.01557	0.00213	0.00067	0.00328	0.00242	0.00033	0.00103	0.00714	0.00107	0.00053	0.00258	0.00335	0.00079	0.00085	0.00288	0.0029	0.00081	0.00099	0.00163	0.00078	0.00051	0.0018	0.00049	0.00041	8e-04	0.00128	0.00058	0.00034	0.00191	0.00124	0.00077	0.00174	0.00219	0.00252	0.00117	0.00085	0.00199	0.0012	0.00254	0.00131	0.00072	7e-04	0.00351	0.00159	0.00149	0.08013	0.11041	0.00427	0.14536	0.95927	0.15465	0.01029	0.83543	0.81343	0.00489	0.00373	0.11444	0.00574	0.00239	0.00249	0.00146	0.00331	0.00482	0.00235	0.00393	0.00182	0.00228	0.00231	0.00228	0.00298	0.00332	0.00178	0.00105	0.00236	0.0032	0.00142	0.00195	0.00337	0.00276	0.00086	0.00218	0.00268	0.0035	0.00124	0.0021	0.00759	0.00664
0.00194	0.0025	0.00094	0.00342	0.00061	4e-04	0.00034	0.00107	4e-04	0.00032	0.00133	0.00218	0.00027	0.00047	0.0035	0.00303	0.00039	0.00095	0.00257	5e-04	0.00191	5e-04	0.00093	0.00287	0.00198	0.00235	0.01005	0.97553	0.97954	0.99059	0.99162	1	0.99233	0.98463	0.97152	0.92256	0.51266	0.07677	0.60192	0.22382	0.00756	0.11921	0.31101	0.0063	0.01478	0.0857	0.00648	0.00768	0.04536	0.01352	0.03058	0.01171	0.00753	0.02485	0.03317	0.00896	0.00453	0.00859	0.00148	0.0038	0.03674	0.00159	0.00144	0.067	0.02163	0.00071	0.00468	0.09992	0.00886	0.00055	0.0071	0.0239	0.0016	0.00083	0.00474	0.00518	0.00068	0.00079	0.00257	0.00052	0.00035	0.00221	5e-04	0.00054	0.00142	0.00328	0.00059	0.00029	0.00354	0.00205	0.00055	0.0015	0.00299	0.00292	0.00101	0.00111	0.00623	0.00242	0.01467	0.00268	0.00254	0.00284	0.06904	0.01739	0.00932	0.85302	0.91246	0.02492	0.2195	0.97538	0.25861	0.0055	0.04846	0.08094	0.0034	0.00021	0.00133	0.00154	0.00198	0.00138	0.00073	0.00207	0.00518	0.00141	0.00285	0.00125	0.00341	0.00181	0.00171	0.00339	0.00793	0.00191	0.00112	0.00561	0.00763	0.00203	0.00351	0.0095	0.00653	0.00101	0.00395	0.00985	0.00567	0.00126	0.003	0.01129	0.00604
0.00249	0.00342	0.0018	0.00494	0.00098	0.00065	0.00049	0.00098	5e-04	0.00035	0.00112	0.00164	0.00027	0.00037	0.0011	0.00171	0.00033	6e-04	0.00194	5e-04	0.00138	7e-04	0.00075	0.00242	0.00418	0.00166	0.00183	0.01202	0.97488	0.98539	0.9879	0.99233	1	0.99132	0.94524	0.94479	0.89222	0.313	0.77108	0.75174	0.07118	0.21128	0.68063	0.02909	0.02076	0.18007	0.02598	0.01988	0.10119	0.03598	0.07246	0.03852	0.01941	0.06635	0.12016	0.02793	0.01065	0.02484	0.00477	0.01178	0.11257	0.0038	0.00122	0.03402	0.02195	0.00089	0.00109	0.01637	0.00547	0.00042	0.00198	0.00931	0.0013	0.00088	0.00301	0.0049	0.00096	0.00096	0.00313	0.00123	0.00058	0.00359	0.00092	0.00062	0.00233	0.00549	0.00101	0.00031	0.00307	0.00295	0.00068	0.00123	0.00376	0.00351	0.00124	0.00105	0.00502	0.00235	0.01022	0.00446	0.00222	0.00188	0.02052	0.0045	0.00131	0.07744	0.05449	0.00256	0.00136	0.02079	0.00295	0.00048	0.00056	0.00044	0.00028	0.00031	0.00046	0.00045	0.0043	0.00232	0.00125	0.00385	0.01142	0.00254	0.00485	0.00203	0.00423	0.0036	0.00334	0.00287	0.00631	0.00232	0.00099	0.00488	0.00631	0.00244	0.00327	0.00655	0.00607	0.001	0.00242	0.009	0.00732	0.00148	0.0027	0.01158	0.00668
0.00254	0.00292	0.00182	0.00309	0.00092	0.0011	0.00086	0.00104	0.00058	0.00046	0.00083	0.00078	0.00025	0.00045	0.00065	0.00098	0.00031	0.00052	0.00078	0.00056	9e-04	0.00041	0.00087	9e-04	0.00146	0.00196	9e-04	0.002	0.01513	0.96966	0.97956	0.98463	0.99132	1	0.98765	0.88163	0.85299	0.098	0.12766	0.2238	0.01788	0.00968	0.05434	0.00873	0.00494	0.03424	0.0152	0.01416	0.06077	0.02516	0.04076	0.03046	0.01934	0.03397	0.05734	0.02846	0.00668	0.01043	0.00257	0.00224	0.00631	0.00112	0.00031	0.00146	0.00159	0.00039	0.00037	0.00079	0.00095	0.00047	0.00138	0.00178	0.00087	8e-04	0.00187	0.00254	0.00104	0.00082	0.00229	0.00094	7e-04	0.00224	6e-04	0.00049	0.00112	0.00215	0.00083	0.00075	0.00156	0.00162	0.00098	0.00137	0.0025	0.00346	0.00118	0.00124	0.00363	0.00215	0.00425	0.00257	0.00175	0.00192	0.00287	0.00096	0.00147	0.01476	0.0034	0.00082	0.01236	0.07105	0.00069	0.00127	0.03264	0.00149	0.00043	0.00247	0.00531	0.00131	0.00569	0.00326	0.00195	0.00433	0.00603	0.00273	0.00504	0.00259	0.00289	0.00313	0.00445	0.00229	0.00223	0.00183	0.001	0.00169	0.00243	0.00273	0.00255	0.0022	0.00305	0.00147	0.00273	0.00572	0.01183	0.00243	0.00532	0.01528	0.01057
