1	0.89184	0.85552	0.18889	0.04024	0.01558	0.01157	0.00642	0.00261	0.0048	0.00401	0.00672	0.00234	0.00761	0.01327	0.02004	0.02393	0.09706	0.24338	0.72439	0.68347	0.49048	0.1103	0.12228	0.0441	0.0479	0.01662	0.00998	0.00468	0.00304	0.00214	0.00127	0.00184	0.00158	0.00248	0.00298	0.00173	0.0094	0.0036	0.01516	0.01294	0.01612	0.01348	0.01387	0.02261	0.01527	0.03105	0.01638	0.02719	0.01387	0.01358	0.00582	0.00485	0.00246	0.0016	0.00234	0.00201	0.0027	0.00386	0.00274	0.0109	0.00479	0.01002	0.0104	0.00815	0.00942	0.00773	0.00911	0.00882	0.01574	0.01505	0.02008	0.01762	0.01223	0.00755	0.00366	0.00337	0.00249	0.00285
0.89184	1	0.97656	0.74354	0.07233	0.00886	0.00267	0.00276	0.00146	0.00264	0.00164	0.00378	0.00084	0.00581	0.00494	0.00795	0.01165	0.83357	0.89984	0.95689	0.85235	0.34078	0.03116	0.03244	0.03238	0.03447	0.01304	0.00883	0.0043	0.00178	0.0013	0.00106	0.00117	0.00094	0.00191	0.00175	0.00141	0.00518	0.00364	0.01143	0.0096	0.01537	0.01262	0.00879	0.01117	0.00745	0.00913	0.01638	0.03	0.0133	0.01287	0.00376	0.00228	0.00155	0.00119	0.00149	0.00088	0.00143	0.00153	0.00143	0.00513	0.00522	0.01044	0.01021	0.00547	0.00665	0.00679	0.00579	0.00569	0.00779	0.00951	0.01485	0.01161	0.00863	0.00509	0.00212	0.00182	0.00186	0.00294
0.85552	0.97656	1	0.98897	0.98971	0.02581	0.00471	0.00254	0.00341	0.00181	0.00109	0.00276	0.00112	0.00334	0.00184	0.00937	0.10292	0.96102	0.98424	0.77517	0.40223	0.31892	0.05056	0.0435	0.02679	0.16499	0.02195	0.0423	0.00553	0.00457	0.00239	0.00233	0.00292	0.00205	0.00305	0.00425	0.00281	0.03801	0.01055	0.14914	0.01508	0.03901	0.00977	0.01058	0.01252	0.0155	0.01314	0.02626	0.17569	0.02771	0.07781	0.00536	0.00538	0.00228	0.00269	0.00258	0.00152	0.003	0.00289	0.00236	0.02532	0.01059	0.09448	0.02001	0.0248	0.00734	0.00941	0.00779	0.00989	0.01184	0.01323	0.04504	0.02448	0.01657	0.01133	0.00459	0.00342	0.00198	0.00348
0.18889	0.74354	0.98897	1	0.99216	0.80224	0.01243	0.00244	0.00125	0.00302	0.00119	0.00382	0.00172	0.0067	0.0145	0.93864	0.96143	0.98086	0.87942	0.03931	0.00894	0.01563	0.00828	0.00975	0.00618	0.01488	0.00531	0.01208	0.00566	0.00306	0.003	0.00168	0.00145	0.00155	0.00209	0.002	0.00355	0.01477	0.00788	0.03781	0.00547	0.00939	0.00838	0.00327	0.00443	0.00589	0.0062	0.00644	0.02321	0.01042	0.01554	0.00415	0.00423	0.00252	0.00149	0.00212	0.00114	0.00117	0.00108	0.00145	0.00425	0.00464	0.01721	0.00633	0.01319	0.00875	0.00651	0.00475	0.00653	0.00891	0.00539	0.01459	0.01285	0.00757	0.01191	0.00472	0.00683	0.00378	0.00578
0.04024	0.07233	0.98971	0.99216	1	0.99379	0.96372	0.00523	0.00179	0.00067	0.00061	0.00137	0.00123	0.01289	0.22162	0.95275	0.97996	0.71883	0.84629	0.01485	0.00509	0.01314	0.00728	0.02643	0.00768	0.08757	0.0118	0.25617	0.01166	0.02337	0.00512	0.00311	0.00145	0.00207	0.00427	0.00437	0.00721	0.26759	0.0281	0.30527	0.00645	0.02214	0.00272	0.00345	0.00264	0.00385	0.00581	0.00627	0.06918	0.01127	0.1586	0.00448	0.0119	0.00163	0.00218	0.00122	0.00088	9e-04	0.00114	0.0014	0.02385	0.006	0.16822	0.0068	0.04242	0.00348	0.00496	0.00312	0.00364	0.00608	0.0054	0.01913	0.01749	0.01909	0.01248	0.00893	0.00771	0.00411	0.00585
0.01558	0.00886	0.02581	0.80224	0.99379	1	0.99474	0.98557	0.00825	0.00485	0.00152	0.00436	0.01279	0.96923	0.96905	0.97603	0.73952	0.01237	0.01233	0.00494	0.00183	0.00303	0.00217	0.0056	0.00197	0.00499	0.00394	0.01389	0.01412	0.01432	0.03117	0.00489	0.00249	0.00153	0.00355	0.00306	0.00398	0.02009	0.0062	0.00819	0.00363	0.00217	0.00137	0.00122	0.00171	0.00235	0.00412	0.00296	0.00908	0.00384	0.00593	0.00347	0.00269	0.0012	0.001	0.00123	0.00054	0.00101	0.00088	0.00145	0.00291	0.00258	0.00541	0.00229	0.00421	0.00266	0.00213	0.0018	0.00269	0.00392	0.00305	0.00945	0.01449	0.00774	0.01189	0.01105	0.01348	0.00669	0.01221
0.01157	0.00267	0.00471	0.01243	0.96372	0.99474	1	0.99507	0.97442	0.01602	0.00463	0.00921	0.04445	0.9413	0.95673	0.59813	0.29722	0.00751	0.03484	0.00213	0.00493	0.00504	0.0043	0.08205	0.00573	0.02895	0.00628	0.17242	0.05284	0.28327	0.12451	0.03993	0.01005	0.00638	0.01053	0.0173	0.02489	0.08705	0.0115	0.07122	0.00298	0.03141	0.0022	0.00434	0.00256	0.00594	0.00866	0.00416	0.01878	0.00544	0.01556	0.00309	0.03571	0.0025	0.003	0.00209	0.00132	0.00109	0.00235	0.00184	0.01172	0.00271	0.03205	0.00291	0.04594	0.00222	0.0054	0.00178	0.00306	0.00467	0.00231	0.00567	0.01473	0.01239	0.02275	0.02746	0.02725	0.01211	0.01194
0.00642	0.00276	0.00254	0.00244	0.00523	0.98557	0.99507	1	0.99519	0.77261	0.16815	0.67397	0.86693	0.96974	0.76233	0.01994	0.00785	0.00536	0.00432	0.00082	0.00065	0.00098	0.00063	0.00359	0.00196	0.00192	0.00172	0.00237	0.0039	0.08464	0.28176	0.11508	0.09858	0.02475	0.01806	0.01599	0.03028	0.02169	0.01257	0.00669	0.00194	0.00245	0.00163	0.0015	0.00108	0.00198	0.00254	0.00222	0.00489	0.00534	0.00338	0.00265	0.00414	0.00355	0.00127	0.00223	0.00094	0.00111	0.00109	0.00171	0.00192	0.00195	0.00204	0.00185	0.00275	0.00139	0.00147	0.00101	0.00132	0.00359	0.00216	0.00413	0.00641	0.0068	0.01144	0.01167	0.02108	0.01023	0.00932
0.00261	0.00146	0.00341	0.00125	0.00179	0.00825	0.97442	0.99519	1	0.99422	0.99065	0.97442	0.94632	0.77713	0.57698	0.01415	0.00599	0.0031	0.00941	0.00072	0.00166	0.0015	0.00238	0.0431	0.00224	0.0066	0.00131	0.01328	0.00236	0.37022	0.15554	0.37315	0.32553	0.07817	0.03595	0.02299	0.01665	0.02331	0.00429	0.00974	0.00169	0.00967	0.00169	0.00469	0.0027	0.00661	0.00826	0.00348	0.00792	0.00333	0.00407	0.00189	0.00472	0.00141	0.0044	0.00219	0.00173	0.00161	0.00224	0.00126	0.0041	0.00166	0.00305	0.00082	0.00841	0.00117	0.00258	0.00194	0.00242	0.00403	0.00325	0.00588	0.01138	0.00957	0.01801	0.01839	0.02648	0.01755	0.01423
0.0048	0.00264	0.00181	0.00302	0.00067	0.00485	0.01602	0.77261	0.99422	1	0.9929	0.94588	0.29974	0.0171	0.00891	0.00553	0.0021	0.00179	0.00195	0.00114	0.00111	0.00132	0.0016	0.00553	0.0011	0.00099	0.0013	0.00198	0.00151	0.01738	0.01758	0.11506	0.37895	0.10684	0.02944	0.02095	0.01482	0.01078	0.00605	0.00552	0.00244	0.00716	0.00329	0.00472	0.00315	0.00655	0.00492	0.00239	0.00319	0.00393	0.00236	0.00335	0.00402	0.00219	0.00358	0.00643	0.00253	0.00289	0.00269	0.00214	0.00186	0.00175	0.00164	0.00103	0.00223	0.00164	0.0026	0.00225	0.00341	0.0045	0.00302	0.00649	0.0124	0.01075	0.01594	0.01497	0.02474	0.01865	0.02722
0.00401	0.00164	0.00109	0.00119	0.00061	0.00152	0.00463	0.16815	0.99065	0.9929	1	0.99788	0.97993	0.04234	0.00595	0.00304	0.00345	0.00146	0.00326	0.00072	0.00134	0.00218	0.00153	0.00591	0.00074	0.00227	0.00049	0.00274	0.00054	0.00706	0.00595	0.09852	0.4858	0.13479	0.02413	0.01782	0.00983	0.0074	0.00276	0.00478	0.00128	0.00488	0.0018	0.00595	0.00273	0.00562	0.0036	0.00231	0.00283	0.00168	0.00219	0.00119	0.00295	0.0011	0.00228	0.00341	0.00411	0.0029	0.00323	0.00144	0.00198	0.00086	0.00112	0.00052	0.00166	0.00111	0.00312	0.00232	0.00368	0.00292	0.00292	0.00375	0.00558	0.00492	0.00693	0.0079	0.01006	0.01066	0.01347
0.00672	0.00378	0.00276	0.00382	0.00137	0.00436	0.00921	0.67397	0.97442	0.94588	0.99788	1	0.99755	0.90478	0.02518	0.00355	0.00214	0.00249	0.00181	0.00077	0.00118	0.00147	0.00147	0.00153	0.00029	0.00048	0.00104	0.00125	0.00112	0.03038	0.04249	0.4018	0.70932	0.13598	0.02976	0.02559	0.01193	0.01096	0.00354	0.00497	0.0014	0.00623	0.00181	0.00332	0.00205	0.00272	0.003	0.00189	0.00534	0.00119	0.002	0.00151	0.00176	0.00132	0.00184	0.00248	0.00261	0.00307	0.00208	0.00113	0.00149	0.00088	0.00119	0.00069	0.00197	0.00123	0.00264	0.0021	0.00266	0.00262	0.0018	0.00298	0.00317	0.00246	0.006	0.00534	0.00876	0.00606	0.01045
0.00234	0.00084	0.00112	0.00172	0.00123	0.01279	0.04445	0.86693	0.94632	0.29974	0.97993	0.99755	1	0.99558	0.78428	0.00447	0.00217	0.00101	0.00274	0.00199	0.00221	0.0032	0.00143	0.00844	5e-04	0.00598	0.00106	0.00398	0.00352	0.89629	0.87964	0.92742	0.91658	0.10245	0.02863	0.09758	0.02265	0.0356	0.00457	0.0153	0.00214	0.0228	0.00284	0.00343	0.00224	0.00504	0.00527	0.00194	0.00754	0.0014	0.00445	0.00248	0.00472	0.00208	0.00299	0.00256	0.00261	0.00211	0.00317	0.00103	0.00238	8e-04	0.00188	0.00071	0.00373	0.00116	0.00201	0.00129	0.00302	0.00294	0.00194	0.00304	0.00399	0.0019	0.00621	0.00489	0.00633	0.00384	0.00886
0.00761	0.00581	0.00334	0.0067	0.01289	0.96923	0.9413	0.96974	0.77713	0.0171	0.04234	0.90478	0.99558	1	0.99689	0.98186	0.00808	0.005	0.0038	0.00244	0.00112	0.00081	0.00067	0.00103	0.00061	0.00123	0.00111	0.00641	0.06397	0.9555	0.97291	0.61597	0.22595	0.02194	0.00814	0.01219	0.01204	0.01962	0.00477	0.00674	0.0022	0.00467	0.00226	0.00109	0.00085	0.00132	0.00158	0.00158	0.00467	0.00192	0.00498	0.00312	0.00443	0.00243	0.00216	0.0019	0.00132	0.00113	0.00111	0.00107	0.00186	0.00124	0.00212	0.00086	0.00233	0.00198	0.00155	0.00096	0.0021	0.00222	0.00164	0.00187	0.00295	0.00157	0.00447	0.00256	0.00408	0.00235	0.00426
0.01327	0.00494	0.00184	0.0145	0.22162	0.96905	0.95673	0.76233	0.57698	0.00891	0.00595	0.02518	0.78428	0.99689	1	0.9971	0.98595	0.09449	0.01908	0.00716	0.00416	0.00586	0.00363	0.11635	0.00703	0.07603	0.03179	0.97441	0.95334	0.96991	0.88418	0.0394	0.01057	0.00564	0.00528	0.00598	0.01106	0.27069	0.03401	0.24377	0.00702	0.07638	0.00276	0.00393	0.00196	0.00425	0.0058	0.00603	0.04822	0.00725	0.18777	0.00912	0.02157	0.00264	0.0037	0.00181	0.00126	0.00093	0.00091	0.00083	0.00781	0.00138	0.03056	0.00129	0.00862	0.00133	0.00223	0.00072	0.0016	0.00213	0.00144	0.00233	0.00319	0.00197	0.00368	0.00244	0.00257	0.00093	0.00166
0.02004	0.00795	0.00937	0.93864	0.95275	0.97603	0.59813	0.01994	0.01415	0.00553	0.00304	0.00355	0.00447	0.98186	0.9971	1	0.99656	0.78279	0.01655	0.00488	0.00223	0.00355	0.00223	0.01346	0.00549	0.01838	0.06852	0.94887	0.96414	0.75394	0.74983	0.01675	0.00761	0.00427	0.00494	0.00399	0.00392	0.03375	0.01078	0.02447	0.00655	0.00805	0.00155	0.00112	0.00138	0.00212	0.00268	0.00295	0.01079	0.00341	0.01653	0.00484	0.00686	0.00361	0.00186	0.00278	0.00109	0.0011	9e-04	0.00089	0.0012	0.0013	0.00246	0.00117	0.00205	0.00157	0.00111	0.00099	0.00168	0.00214	0.00124	0.00184	0.00233	0.00143	0.00262	0.00194	0.00172	0.00075	0.0013
0.02393	0.01165	0.10292	0.96143	0.97996	0.73952	0.29722	0.00785	0.00599	0.0021	0.00345	0.00214	0.00217	0.00808	0.98595	0.99656	1	0.99573	0.9643	0.01524	0.01764	0.03311	0.01201	0.78759	0.22698	0.80969	0.87716	0.98075	0.73174	0.04554	0.01265	0.00666	0.00366	0.00274	0.00247	0.00329	0.00413	0.12332	0.03347	0.29923	0.01921	0.07728	0.00288	0.00297	0.00339	0.00645	0.01268	0.00984	0.09076	0.01425	0.22415	0.00752	0.03706	0.00411	0.00366	0.00198	0.00136	0.00152	0.00131	0.00132	0.00817	0.00264	0.06775	0.00177	0.01188	0.00136	0.0021	0.00132	0.00316	0.00333	0.00165	0.00366	0.00339	0.00249	0.00363	0.00194	0.00242	0.00089	0.00155
0.09706	0.83357	0.96102	0.98086	0.71883	0.01237	0.00751	0.00536	0.0031	0.00179	0.00146	0.00249	0.00101	0.005	0.09449	0.78279	0.99573	1	0.9952	0.95711	0.01614	0.02624	0.06709	0.80747	0.75914	0.92722	0.87784	0.78444	0.23206	0.01066	0.00645	0.0019	0.00266	0.00139	0.00157	0.00171	0.00244	0.00802	0.01368	0.04915	0.04552	0.04841	0.00816	0.00536	0.00313	0.0035	0.00698	0.00768	0.02036	0.00697	0.00983	0.00322	0.00322	0.00231	0.00167	0.00154	0.00151	0.00123	0.00084	0.00125	0.00213	0.00196	0.00285	0.00158	0.00192	0.00181	0.00156	0.00098	0.00243	0.00325	0.00139	0.00151	0.00255	0.00107	0.00185	0.00149	0.00166	0.00099	0.00136
0.24338	0.89984	0.98424	0.87942	0.84629	0.01233	0.03484	0.00432	0.00941	0.00195	0.00326	0.00181	0.00274	0.0038	0.01908	0.01655	0.9643	0.9952	1	0.99498	0.88961	0.90821	0.78586	0.92987	0.88917	0.70521	0.28241	0.09757	0.02003	0.0271	0.00885	0.0037	0.0027	0.0015	0.00147	0.00208	0.00154	0.01028	0.00537	0.03953	0.01563	0.19957	0.02219	0.0377	0.01128	0.00803	0.01724	0.01048	0.03695	0.00896	0.02471	0.0031	0.01885	0.00336	0.0072	0.00303	0.00266	0.00226	0.00207	0.00135	0.00562	0.00217	0.00662	0.00138	0.01023	0.00132	0.00249	0.00125	0.00233	0.00215	0.00167	0.00181	0.00258	0.00155	0.00319	0.00232	0.0031	0.0012	0.00217
0.72439	0.95689	0.77517	0.03931	0.01485	0.00494	0.00213	0.00082	0.00072	0.00114	0.00072	0.00077	0.00199	0.00244	0.00716	0.00488	0.01524	0.95711	0.99498	1	0.99612	0.86251	0.7144	0.4312	0.85639	0.32103	0.03161	0.00731	0.00523	0.00318	0.00356	0.00074	0.00113	0.00084	0.00103	0.00093	0.00153	0.00159	0.0031	0.00156	0.00433	0.0376	0.03168	0.0698	0.01539	0.00646	0.00665	0.00515	0.00682	0.00809	0.0031	0.00241	0.00258	0.00185	0.00146	0.00202	0.00155	0.00093	0.00136	0.0012	0.00087	0.00186	0.00105	0.00105	0.00112	0.0014	0.00107	0.00084	0.00157	0.00123	0.00117	0.00116	0.00159	0.00072	0.00122	0.001	0.00094	0.00067	0.00099
0.68347	0.85235	0.40223	0.00894	0.00509	0.00183	0.00493	0.00065	0.00166	0.00111	0.00134	0.00118	0.00221	0.00112	0.00416	0.00223	0.01764	0.01614	0.88961	0.99612	1	0.99053	0.84388	0.18267	0.2105	0.08873	0.01739	0.00745	0.00277	0.00497	0.00195	0.00078	0.00123	0.00139	0.0017	0.00184	0.00192	0.00139	0.00292	0.003	0.00428	0.02371	0.00971	0.0518	0.03794	0.01164	0.0075	0.00455	0.00748	0.00443	0.00513	0.00173	0.00492	0.00238	0.00296	0.00366	0.00393	0.00197	0.00227	0.00145	0.00174	0.00124	0.00178	0.00096	0.00171	0.00169	0.00272	0.00136	0.00221	0.00219	0.00153	0.00154	0.00214	0.0014	0.0016	0.00123	0.00128	0.00112	0.00167
0.49048	0.34078	0.31892	0.01563	0.01314	0.00303	0.00504	0.00098	0.0015	0.00132	0.00218	0.00147	0.0032	0.00081	0.00586	0.00355	0.03311	0.02624	0.90821	0.86251	0.99053	1	0.98644	0.82301	0.17316	0.08896	0.01793	0.00789	0.00408	0.00618	0.00118	0.00075	0.00161	0.00229	0.00285	0.00157	0.00111	0.00054	0.00218	0.0025	0.00446	0.01156	0.00569	0.06456	0.05455	0.02033	0.00631	0.00502	0.00503	0.0029	0.00231	0.00141	0.0017	0.00105	0.00164	0.00185	0.00207	0.00187	0.00151	0.00092	0.0014	0.00104	0.00104	0.00084	0.00139	0.00076	0.00167	0.00183	0.00171	0.00206	0.00174	0.00208	0.00172	0.00122	0.00119	0.00084	0.00101	0.00099	0.00139
0.1103	0.03116	0.05056	0.00828	0.00728	0.00217	0.0043	0.00063	0.00238	0.0016	0.00153	0.00147	0.00143	0.00067	0.00363	0.00223	0.01201	0.06709	0.78586	0.7144	0.84388	0.98644	1	0.9754	0.93646	0.12881	0.029	0.01225	0.00283	0.0067	0.00117	0.00074	0.00176	0.002	0.00259	0.00148	0.00087	0.00104	0.00532	0.00336	0.0104	0.07645	0.02652	0.41874	0.32247	0.03568	0.00968	0.00811	0.0102	0.0035	0.00268	0.00168	0.00575	0.00178	0.00269	0.0036	0.00237	0.00179	0.00266	0.00116	0.00168	0.00184	0.00152	0.00109	0.00203	0.00132	0.00214	0.00166	0.00312	0.00212	0.002	0.00205	0.00331	0.00109	0.00236	0.0014	0.0014	0.00092	0.0017
0.12228	0.03244	0.0435	0.00975	0.02643	0.0056	0.08205	0.00359	0.0431	0.00553	0.00591	0.00153	0.00844	0.00103	0.11635	0.01346	0.78759	0.80747	0.92987	0.4312	0.18267	0.82301	0.9754	1	0.98554	0.90932	0.47242	0.2305	0.01484	0.1587	0.00458	0.0034	0.00258	0.00309	0.00179	0.00112	0.00195	0.00093	0.00752	0.00923	0.04965	0.74253	0.37049	0.71775	0.7213	0.07478	0.02999	0.01159	0.01867	0.00329	0.00209	0.00128	0.00463	0.00213	0.00159	0.00236	0.00173	0.00129	0.00232	0.00119	0.00168	0.00087	0.00212	0.00082	0.00213	0.00105	0.00145	0.00145	0.0028	0.004	0.00175	0.00209	0.00311	0.00141	0.00179	0.00112	0.00121	0.00074	0.00113
0.0441	0.03238	0.02679	0.00618	0.00768	0.00197	0.00573	0.00196	0.00224	0.0011	0.00074	0.00029	5e-04	0.00061	0.00703	0.00549	0.22698	0.75914	0.88917	0.85639	0.2105	0.17316	0.93646	0.98554	1	0.99154	0.41792	0.05481	0.00466	0.00412	0.00188	7e-04	0.0014	0.00067	0.00096	0.00028	0.00164	0.00064	0.00347	0.00502	0.38326	0.93881	0.92112	0.85129	0.54928	0.05908	0.03026	0.02653	0.03435	0.00612	0.00398	0.00215	0.00346	0.00129	0.00139	0.002	0.00156	0.00116	0.00106	0.00131	0.00159	0.00132	0.00154	0.00109	0.0015	0.00145	0.00153	0.00107	0.00149	0.00159	0.00214	0.0019	0.00307	0.00162	0.00219	0.00118	0.00183	0.00154	0.0016
0.0479	0.03447	0.16499	0.01488	0.08757	0.00499	0.02895	0.00192	0.0066	0.00099	0.00227	0.00048	0.00598	0.00123	0.07603	0.01838	0.80969	0.92722	0.70521	0.32103	0.08873	0.08896	0.12881	0.90932	0.99154	1	0.99211	0.98822	0.03039	0.0149	0.00251	0.00297	9e-04	0.00097	0.00137	6e-04	0.0021	0.00103	0.01603	0.17463	0.93151	0.95612	0.50405	0.09375	0.10055	0.01846	0.01703	0.01159	0.08472	0.01591	0.03276	0.00788	0.01043	0.00237	0.00165	0.0026	0.00156	0.00163	0.00231	0.00123	0.0058	0.00201	0.00876	0.0015	0.00449	0.00163	0.00242	0.00151	0.00207	0.00201	0.00244	0.00516	0.00776	0.00448	0.00427	0.00237	0.00265	0.0018	0.00303
0.01662	0.01304	0.02195	0.00531	0.0118	0.00394	0.00628	0.00172	0.00131	0.0013	0.00049	0.00104	0.00106	0.00111	0.03179	0.06852	0.87716	0.87784	0.28241	0.03161	0.01739	0.01793	0.029	0.47242	0.41792	0.99211	1	0.9951	0.61204	0.01308	0.00218	0.0011	0.00242	0.00163	0.00722	0.00148	0.00455	0.00903	0.94409	0.95145	0.97166	0.86639	0.03734	0.00473	0.01323	0.00548	0.00619	0.00387	0.01431	0.01964	0.01951	0.01104	0.00441	0.00303	0.00095	0.00275	0.00134	0.00113	0.00199	0.00215	0.00265	0.00217	0.00286	0.00136	0.00238	0.00199	0.00157	0.00098	0.00195	0.00234	0.00181	0.00318	0.01031	0.00366	0.00762	0.00262	0.00371	0.00246	0.00443
0.00998	0.00883	0.0423	0.01208	0.25617	0.01389	0.17242	0.00237	0.01328	0.00198	0.00274	0.00125	0.00398	0.00641	0.97441	0.94887	0.98075	0.78444	0.09757	0.00731	0.00745	0.00789	0.01225	0.2305	0.05481	0.98822	0.9951	1	0.99644	0.97975	0.00528	0.00149	0.00054	0.00086	0.00201	0.00093	0.00795	0.19753	0.95095	0.97488	0.73542	0.71476	0.02199	0.00523	0.02931	0.00991	0.02078	0.00517	0.04589	0.01115	0.21719	0.0191	0.01009	0.00272	0.00078	0.00087	0.00085	8e-04	0.00127	0.00188	0.01598	0.00242	0.02316	0.00112	0.00655	0.00112	0.00166	0.00074	0.00133	0.002	0.00189	0.00509	0.01261	0.01312	0.0106	0.00643	0.0048	0.00298	0.00346
0.00468	0.0043	0.00553	0.00566	0.01166	0.01412	0.05284	0.0039	0.00236	0.00151	0.00054	0.00112	0.00352	0.06397	0.95334	0.96414	0.73174	0.23206	0.02003	0.00523	0.00277	0.00408	0.00283	0.01484	0.00466	0.03039	0.61204	0.99644	1	0.99667	0.99036	0.00969	0.00447	0.00155	0.00571	0.01565	0.96454	0.96906	0.97914	0.79631	0.01836	0.01327	0.00567	0.0025	0.00764	0.00269	0.00887	0.00306	0.00593	0.00573	0.02765	0.10248	0.03006	0.06977	0.00282	0.00267	0.00129	0.00166	0.00145	0.00216	0.00497	0.00292	0.0037	0.0015	0.00171	0.00149	0.0011	0.00074	0.00121	0.00211	0.00131	0.0025	0.01156	0.00791	0.03612	0.0144	0.0146	0.00738	0.00766
0.00304	0.00178	0.00457	0.00306	0.02337	0.01432	0.28327	0.08464	0.37022	0.01738	0.00706	0.03038	0.89629	0.9555	0.96991	0.75394	0.04554	0.01066	0.0271	0.00318	0.00497	0.00618	0.0067	0.1587	0.00412	0.0149	0.01308	0.97975	0.99667	1	0.99636	0.98345	0.01582	0.00436	0.01318	0.04647	0.94624	0.96246	0.62725	0.31245	0.00974	0.03589	0.00331	0.00546	0.02994	0.00645	0.21645	0.00882	0.0405	0.00643	0.08148	0.04109	0.23702	0.09892	0.01027	0.00413	0.00149	0.00157	0.00284	0.00319	0.01797	0.00283	0.01859	0.00166	0.00912	0.00159	0.00347	0.00098	0.00175	0.00338	0.00191	0.0029	0.01279	0.00967	0.03832	0.05038	0.04657	0.02905	0.0186
0.00214	0.0013	0.00239	0.003	0.00512	0.03117	0.12451	0.28176	0.15554	0.01758	0.00595	0.04249	0.87964	0.97291	0.88418	0.74983	0.01265	0.00645	0.00885	0.00356	0.00195	0.00118	0.00117	0.00458	0.00188	0.00251	0.00218	0.00528	0.99036	0.99636	1	0.99702	0.64103	0.2553	0.88499	0.92477	0.97973	0.82253	0.02939	0.00959	0.00521	0.00566	0.00098	0.00066	0.00175	0.00096	0.0141	0.00226	0.00274	0.00183	0.00159	0.00357	0.08877	0.40136	0.12547	0.14752	0.01165	0.00592	0.00406	0.00428	0.00558	0.00282	0.00348	0.00141	0.00178	0.00118	0.00117	0.00063	0.00099	0.0023	0.0018	0.00367	0.00881	0.00609	0.02833	0.03547	0.10593	0.05127	0.03303
0.00127	0.00106	0.00233	0.00168	0.00311	0.00489	0.03993	0.11508	0.37315	0.11506	0.09852	0.4018	0.92742	0.61597	0.0394	0.01675	0.00666	0.0019	0.0037	0.00074	0.00078	0.00075	0.00074	0.0034	7e-04	0.00297	0.0011	0.00149	0.00969	0.98345	0.99702	1	0.99687	0.99311	0.98363	0.96583	0.78407	0.57963	0.01342	0.00693	0.00245	0.01326	0.00113	0.0016	0.00412	0.00378	0.1474	0.00292	0.01739	0.00114	0.01205	0.00314	0.35171	0.12287	0.37843	0.3209	0.03901	0.01191	0.00777	0.00569	0.02274	0.00357	0.01344	0.00256	0.01832	0.00198	0.00419	0.00148	0.00352	0.00426	0.00305	0.00704	0.02248	0.01315	0.04515	0.04394	0.08338	0.04921	0.03356
0.00184	0.00117	0.00292	0.00145	0.00145	0.00249	0.01005	0.09858	0.32553	0.37895	0.4858	0.70932	0.91658	0.22595	0.01057	0.00761	0.00366	0.00266	0.0027	0.00113	0.00123	0.00161	0.00176	0.00258	0.0014	9e-04	0.00242	0.00054	0.00447	0.01582	0.64103	0.99687	1	0.99579	0.97438	0.45074	0.01747	0.01255	0.0048	0.00305	0.00155	0.0028	0.00116	0.00182	0.00256	0.00184	0.00575	0.00114	0.00122	0.00116	0.00204	0.00133	0.01801	0.02085	0.16507	0.45632	0.11859	0.04121	0.01628	0.00689	0.01061	0.00474	0.00426	0.00182	0.00376	0.00317	0.00433	0.00235	0.00402	0.00578	0.00461	0.00761	0.02766	0.01284	0.03756	0.03248	0.06619	0.04346	0.04374
0.00158	0.00094	0.00205	0.00155	0.00207	0.00153	0.00638	0.02475	0.07817	0.10684	0.13479	0.13598	0.10245	0.02194	0.00564	0.00427	0.00274	0.00139	0.0015	0.00084	0.00139	0.00229	0.002	0.00309	0.00067	0.00097	0.00163	0.00086	0.00155	0.00436	0.2553	0.99311	0.99579	1	0.99834	0.97325	0.02717	0.00838	0.00353	0.00292	0.0018	0.00606	0.00113	0.00122	0.00378	0.00139	0.00475	0.00048	0.00273	0.00044	0.00445	0.00062	0.00998	0.00578	0.13317	0.37979	0.07726	0.02076	0.01514	0.00343	0.00539	0.00179	0.00257	0.00097	0.00344	0.00213	0.00626	0.00361	0.00642	0.00483	0.00437	0.00659	0.02113	0.0124	0.02815	0.02142	0.02668	0.02262	0.02041
0.00248	0.00191	0.00305	0.00209	0.00427	0.00355	0.01053	0.01806	0.03595	0.02944	0.02413	0.02976	0.02863	0.00814	0.00528	0.00494	0.00247	0.00157	0.00147	0.00103	0.0017	0.00285	0.00259	0.00179	0.00096	0.00137	0.00722	0.00201	0.00571	0.01318	0.88499	0.98363	0.97438	0.99834	1	0.99714	0.91333	0.07762	0.00536	0.00387	0.00264	0.0043	0.00135	0.00154	0.00198	0.001	0.00136	0.00022	5e-04	0.00104	0.00149	0.00149	0.07538	0.08396	0.65103	0.70067	0.07729	0.02498	0.01927	0.00474	0.00992	0.00319	0.00412	0.00194	0.00581	0.00278	0.00486	0.00301	0.0043	0.00432	0.00375	0.00981	0.02074	0.01341	0.07038	0.03266	0.06718	0.02167	0.02138
0.00298	0.00175	0.00425	0.002	0.00437	0.00306	0.0173	0.01599	0.02299	0.02095	0.01782	0.02559	0.09758	0.01219	0.00598	0.00399	0.00329	0.00171	0.00208	0.00093	0.00184	0.00157	0.00148	0.00112	0.00028	6e-04	0.00148	0.00093	0.01565	0.04647	0.92477	0.96583	0.45074	0.97325	0.99714	1	0.9935	0.69236	0.00509	0.00317	0.0011	0.00371	0.00314	0.00305	0.00487	0.00106	0.00688	0.00024	0.00438	0.00063	0.00298	0.00305	0.9223	0.93266	0.95886	0.92194	0.07892	0.0414	0.13705	0.01056	0.02813	0.00293	0.00542	0.00179	0.00643	0.0045	0.00474	0.00244	0.00409	0.00425	0.00333	0.00651	0.0121	0.00769	0.02159	0.01349	0.0136	0.00781	0.00861
0.00173	0.00141	0.00281	0.00355	0.00721	0.00398	0.02489	0.03028	0.01665	0.01482	0.00983	0.01193	0.02265	0.01204	0.01106	0.00392	0.00413	0.00244	0.00154	0.00153	0.00192	0.00111	0.00087	0.00195	0.00164	0.0021	0.00455	0.00795	0.96454	0.94624	0.97973	0.78407	0.01747	0.02717	0.91333	0.9935	1	0.99595	0.98241	0.00965	0.00469	0.0053	0.00212	0.00087	0.00076	0.00056	0.00098	0.00031	7e-04	0.00076	0.00466	0.05312	0.96757	0.9802	0.64648	0.1932	0.02824	0.01326	0.00783	0.00483	0.00996	0.00266	0.00381	0.00233	0.00462	0.00482	0.00258	0.00201	0.00346	0.00495	0.00546	0.01459	0.05174	0.02267	0.07863	0.01789	0.0206	0.0087	0.00847
0.0094	0.00518	0.03801	0.01477	0.26759	0.02009	0.08705	0.02169	0.02331	0.01078	0.0074	0.01096	0.0356	0.01962	0.27069	0.03375	0.12332	0.00802	0.01028	0.00159	0.00139	0.00054	0.00104	0.00093	0.00064	0.00103	0.00903	0.19753	0.96906	0.96246	0.82253	0.57963	0.01255	0.00838	0.07762	0.69236	0.99595	1	0.99772	0.98663	0.10611	0.05136	0.00673	0.00538	0.01088	0.0049	0.25137	0.00498	0.06792	0.01979	0.9815	0.95355	0.9784	0.9067	0.03246	0.01038	0.00606	0.00652	0.00309	0.00457	0.10443	0.01585	0.1487	0.00609	0.03709	0.00339	0.0043	0.0025	0.00482	0.00567	0.00605	0.01822	0.02753	0.02643	0.03278	0.01724	0.00936	0.00486	0.00386
0.0036	0.00364	0.01055	0.00788	0.0281	0.0062	0.0115	0.01257	0.00429	0.00605	0.00276	0.00354	0.00457	0.00477	0.03401	0.01078	0.03347	0.01368	0.00537	0.0031	0.00292	0.00218	0.00532	0.00752	0.00347	0.01603	0.94409	0.95095	0.97914	0.62725	0.02939	0.01342	0.0048	0.00353	0.00536	0.00509	0.98241	0.99772	1	0.99773	0.81826	0.02494	0.00327	0.00136	0.00338	0.00231	0.0177	0.0043	0.01409	0.05821	0.96379	0.97756	0.84035	0.82332	0.01433	0.0068	0.0044	0.00477	0.00329	0.00373	0.0101	0.00639	0.01365	0.00368	0.0077	0.00279	0.00207	0.00226	0.00465	0.00547	0.00512	0.01196	0.01702	0.01246	0.01339	0.00932	0.00651	0.00353	0.00493
0.01516	0.01143	0.14914	0.03781	0.30527	0.00819	0.07122	0.00669	0.00974	0.00552	0.00478	0.00497	0.0153	0.00674	0.24377	0.02447	0.29923	0.04915	0.03953	0.00156	0.003	0.0025	0.00336	0.00923	0.00502	0.17463	0.95145	0.97488	0.79631	0.31245	0.00959	0.00693	0.00305	0.00292	0.00387	0.00317	0.00965	0.98663	0.99773	1	0.99685	0.97194	0.01067	0.01784	0.0189	0.01232	0.8328	0.25694	0.89662	0.90829	0.98712	0.78717	0.0453	0.0118	0.00498	0.00293	0.00306	0.00171	0.00144	0.00181	0.01855	0.0106	0.13732	0.01084	0.06474	0.00377	0.00611	0.00583	0.00983	0.01385	0.01015	0.0341	0.03029	0.03206	0.01829	0.01025	0.00831	0.00402	0.00394
0.01294	0.0096	0.01508	0.00547	0.00645	0.00363	0.00298	0.00194	0.00169	0.00244	0.00128	0.0014	0.00214	0.0022	0.00702	0.00655	0.01921	0.04552	0.01563	0.00433	0.00428	0.00446	0.0104	0.04965	0.38326	0.93151	0.97166	0.73542	0.01836	0.00974	0.00521	0.00245	0.00155	0.0018	0.00264	0.0011	0.00469	0.10611	0.81826	0.99685	1	0.99669	0.96175	0.02759	0.02232	0.06887	0.83306	0.79008	0.94668	0.90805	0.7791	0.2849	0.00834	0.00621	0.00139	0.00236	0.00162	0.00114	0.00127	0.00219	0.00506	0.01067	0.03781	0.03584	0.04015	0.00848	0.00684	0.00368	0.00542	0.00427	0.00453	0.00909	0.00619	0.0042	0.0043	0.00278	0.00344	0.00389	0.0029
0.01612	0.01537	0.03901	0.00939	0.02214	0.00217	0.03141	0.00245	0.00967	0.00716	0.00488	0.00623	0.0228	0.00467	0.07638	0.00805	0.07728	0.04841	0.19957	0.0376	0.02371	0.01156	0.07645	0.74253	0.93881	0.95612	0.86639	0.71476	0.01327	0.03589	0.00566	0.01326	0.0028	0.00606	0.0043	0.00371	0.0053	0.05136	0.02494	0.97194	0.99669	1	0.99584	0.83835	0.89713	0.89428	0.95717	0.90778	0.70029	0.1975	0.04064	0.01862	0.01751	0.00617	0.00184	0.00209	0.00107	0.00086	0.00129	0.00112	0.00553	0.00253	0.00943	0.00503	0.09848	0.01319	0.02677	0.0083	0.00989	0.01089	0.00679	0.01812	0.01209	0.00806	0.01091	0.00587	0.01096	0.00515	0.00564
0.01348	0.01262	0.00977	0.00838	0.00272	0.00137	0.0022	0.00163	0.00169	0.00329	0.0018	0.00181	0.00284	0.00226	0.00276	0.00155	0.00288	0.00816	0.02219	0.03168	0.00971	0.00569	0.02652	0.37049	0.92112	0.50405	0.03734	0.02199	0.00567	0.00331	0.00098	0.00113	0.00116	0.00113	0.00135	0.00314	0.00212	0.00673	0.00327	0.01067	0.96175	0.99584	1	0.9966	0.93138	0.89046	0.50894	0.91153	0.28217	0.02132	0.00375	0.0055	0.00204	0.00264	0.00051	0.00076	0.00055	0.00062	0.00068	0.00091	0.00085	0.00184	0.00106	0.00341	0.01788	0.02205	0.04089	0.00957	0.00631	0.00646	0.00434	0.00546	0.00699	0.00229	0.00347	0.00226	0.00284	0.00194	0.00256
0.01387	0.00879	0.01058	0.00327	0.00345	0.00122	0.00434	0.0015	0.00469	0.00472	0.00595	0.00332	0.00343	0.00109	0.00393	0.00112	0.00297	0.00536	0.0377	0.0698	0.0518	0.06456	0.41874	0.71775	0.85129	0.09375	0.00473	0.00523	0.0025	0.00546	0.00066	0.0016	0.00182	0.00122	0.00154	0.00305	0.00087	0.00538	0.00136	0.01784	0.02759	0.83835	0.9966	1	0.99424	0.9392	0.13724	0.0896	0.04265	0.01105	0.00558	0.00385	0.00405	0.00148	0.00061	0.00114	0.001	0.00091	0.00186	0.00167	0.00136	0.00455	0.00396	0.00422	0.01921	0.00695	0.0396	0.01819	0.01199	0.006	0.00528	0.00586	0.0068	0.00385	0.00445	0.00272	0.00288	0.00179	0.00288
0.02261	0.01117	0.01252	0.00443	0.00264	0.00171	0.00256	0.00108	0.0027	0.00315	0.00273	0.00205	0.00224	0.00085	0.00196	0.00138	0.00339	0.00313	0.01128	0.01539	0.03794	0.05455	0.32247	0.7213	0.54928	0.10055	0.01323	0.02931	0.00764	0.02994	0.00175	0.00412	0.00256	0.00378	0.00198	0.00487	0.00076	0.01088	0.00338	0.0189	0.02232	0.89713	0.93138	0.99424	1	0.99558	0.73919	0.04598	0.03058	0.00882	0.00564	0.00251	0.00275	0.00064	0.00037	0.00076	0.00128	0.00119	0.00137	0.0012	0.00061	0.00142	0.00238	0.00318	0.00942	0.00492	0.09563	0.05986	0.04441	0.01564	0.00923	0.00921	0.00623	0.0035	0.00274	0.00159	0.00189	0.00161	0.0021
0.01527	0.00745	0.0155	0.00589	0.00385	0.00235	0.00594	0.00198	0.00661	0.00655	0.00562	0.00272	0.00504	0.00132	0.00425	0.00212	0.00645	0.0035	0.00803	0.00646	0.01164	0.02033	0.03568	0.07478	0.05908	0.01846	0.00548	0.00991	0.00269	0.00645	0.00096	0.00378	0.00184	0.00139	0.001	0.00106	0.00056	0.0049	0.00231	0.01232	0.06887	0.89428	0.89046	0.9392	0.99558	1	0.99424	0.98414	0.10614	0.01767	0.01351	0.00211	0.00314	0.00072	0.00047	0.00131	0.00154	0.00221	0.00163	0.00118	0.00086	0.00233	0.00163	0.00752	0.0807	0.03726	0.66341	0.48755	0.08301	0.02442	0.01124	0.01037	0.00992	0.00219	0.00246	0.00185	0.00243	0.0016	0.00296
0.03105	0.00913	0.01314	0.0062	0.00581	0.00412	0.00866	0.00254	0.00826	0.00492	0.0036	0.003	0.00527	0.00158	0.0058	0.00268	0.01268	0.00698	0.01724	0.00665	0.0075	0.00631	0.00968	0.02999	0.03026	0.01703	0.00619	0.02078	0.00887	0.21645	0.0141	0.1474	0.00575	0.00475	0.00136	0.00688	0.00098	0.25137	0.0177	0.8328	0.83306	0.95717	0.50894	0.13724	0.73919	0.99424	1	0.99634	0.967	0.36038	0.24118	0.01353	0.06162	0.00229	0.00165	0.00149	0.00214	0.00074	0.00113	0.00105	0.00124	0.00393	0.00476	0.03558	0.81386	0.53392	0.83109	0.80086	0.10285	0.05674	0.01725	0.01389	0.01508	0.00407	0.00368	0.00239	0.00291	0.00134	0.00215
0.01638	0.01638	0.02626	0.00644	0.00627	0.00296	0.00416	0.00222	0.00348	0.00239	0.00231	0.00189	0.00194	0.00158	0.00603	0.00295	0.00984	0.00768	0.01048	0.00515	0.00455	0.00502	0.00811	0.01159	0.02653	0.01159	0.00387	0.00517	0.00306	0.00882	0.00226	0.00292	0.00114	0.00048	0.00022	0.00024	0.00031	0.00498	0.0043	0.25694	0.79008	0.90778	0.91153	0.0896	0.04598	0.98414	0.99634	1	0.99558	0.28513	0.069	0.00392	0.00324	0.00164	0.00065	0.00144	0.00114	0.00112	5e-04	0.00262	0.00065	0.00462	0.00434	0.35052	0.94085	0.94082	0.88425	0.53562	0.04592	0.02603	0.01542	0.0115	0.01783	0.00804	0.00621	0.00212	0.00212	0.00158	0.00167
0.02719	0.03	0.17569	0.02321	0.06918	0.00908	0.01878	0.00489	0.00792	0.00319	0.00283	0.00534	0.00754	0.00467	0.04822	0.01079	0.09076	0.02036	0.03695	0.00682	0.00748	0.00503	0.0102	0.01867	0.03435	0.08472	0.01431	0.04589	0.00593	0.0405	0.00274	0.01739	0.00122	0.00273	5e-04	0.00438	7e-04	0.06792	0.01409	0.89662	0.94668	0.70029	0.28217	0.04265	0.03058	0.10614	0.967	0.99558	1	0.99158	0.98769	0.02313	0.01131	0.002	0.00205	0.0011	0.00086	8e-04	0.00092	0.00182	0.00097	0.01084	0.19722	0.93353	0.95963	0.58318	0.11419	0.06861	0.01688	0.01249	0.01002	0.01888	0.02908	0.03242	0.01712	0.00574	0.00402	0.00213	0.00337
0.01387	0.0133	0.02771	0.01042	0.01127	0.00384	0.00544	0.00534	0.00333	0.00393	0.00168	0.00119	0.0014	0.00192	0.00725	0.00341	0.01425	0.00697	0.00896	0.00809	0.00443	0.0029	0.0035	0.00329	0.00612	0.01591	0.01964	0.01115	0.00573	0.00643	0.00183	0.00114	0.00116	0.00044	0.00104	0.00063	0.00076	0.01979	0.05821	0.90829	0.90805	0.1975	0.02132	0.01105	0.00882	0.01767	0.36038	0.28513	0.99158	1	0.99597	0.71911	0.01588	0.00181	0.00091	0.00282	0.00205	0.00437	0.00143	0.00697	0.00675	0.94582	0.95496	0.97336	0.87177	0.06209	0.00769	0.01421	0.00821	0.01003	0.00691	0.01059	0.03624	0.04004	0.03186	0.0098	0.00562	0.00285	0.00625
0.01358	0.01287	0.07781	0.01554	0.1586	0.00593	0.01556	0.00338	0.00407	0.00236	0.00219	0.002	0.00445	0.00498	0.18777	0.01653	0.22415	0.00983	0.02471	0.0031	0.00513	0.00231	0.00268	0.00209	0.00398	0.03276	0.01951	0.21719	0.02765	0.08148	0.00159	0.01205	0.00204	0.00445	0.00149	0.00298	0.00466	0.9815	0.96379	0.98712	0.7791	0.04064	0.00375	0.00558	0.00564	0.01351	0.24118	0.069	0.98769	0.99597	1	0.9966	0.98398	0.00422	0.00117	0.00054	0.00101	0.00145	0.00097	0.0042	0.1444	0.95523	0.97823	0.70144	0.40785	0.01598	0.00446	0.00978	0.00563	0.01287	0.00675	0.01592	0.04578	0.10262	0.09799	0.03677	0.01646	0.00599	0.00547
0.00582	0.00376	0.00536	0.00415	0.00448	0.00347	0.00309	0.00265	0.00189	0.00335	0.00119	0.00151	0.00248	0.00312	0.00912	0.00484	0.00752	0.00322	0.0031	0.00241	0.00173	0.00141	0.00168	0.00128	0.00215	0.00788	0.01104	0.0191	0.10248	0.04109	0.00357	0.00314	0.00133	0.00062	0.00149	0.00305	0.05312	0.95355	0.97756	0.78717	0.2849	0.01862	0.0055	0.00385	0.00251	0.00211	0.01353	0.00392	0.02313	0.71911	0.9966	1	0.99664	0.98611	0.00726	0.00445	0.00138	0.00381	0.01572	0.96754	0.957	0.98	0.81024	0.02067	0.01153	0.0053	0.00279	0.00353	0.00275	0.00849	0.00527	0.00815	0.03392	0.09367	0.1678	0.08326	0.08123	0.02062	0.0114
0.00485	0.00228	0.00538	0.00423	0.0119	0.00269	0.03571	0.00414	0.00472	0.00402	0.00295	0.00176	0.00472	0.00443	0.02157	0.00686	0.03706	0.00322	0.01885	0.00258	0.00492	0.0017	0.00575	0.00463	0.00346	0.01043	0.00441	0.01009	0.03006	0.23702	0.08877	0.35171	0.01801	0.00998	0.07538	0.9223	0.96757	0.9784	0.84035	0.0453	0.00834	0.01751	0.00204	0.00405	0.00275	0.00314	0.06162	0.00324	0.01131	0.01588	0.98398	0.99664	1	0.99695	0.98186	0.01461	0.00518	0.01112	0.04442	0.96499	0.96767	0.70244	0.38153	0.01099	0.01971	0.00374	0.00516	0.00575	0.00475	0.03184	0.00627	0.01363	0.03057	0.06062	0.14801	0.16976	0.21278	0.07947	0.03761
0.00246	0.00155	0.00228	0.00252	0.00163	0.0012	0.0025	0.00355	0.00141	0.00219	0.0011	0.00132	0.00208	0.00243	0.00264	0.00361	0.00411	0.00231	0.00336	0.00185	0.00238	0.00105	0.00178	0.00213	0.00129	0.00237	0.00303	0.00272	0.06977	0.09892	0.40136	0.12287	0.02085	0.00578	0.08396	0.93266	0.9802	0.9067	0.82332	0.0118	0.00621	0.00617	0.00264	0.00148	0.00064	0.00072	0.00229	0.00164	0.002	0.00181	0.00422	0.98611	0.99695	1	0.9976	0.70658	0.2555	0.94531	0.96133	0.98444	0.79337	0.02399	0.00796	0.00593	0.0037	0.00129	0.00079	0.00096	0.00133	0.00669	0.00247	0.0038	0.00589	0.01457	0.07731	0.19681	0.40663	0.20249	0.08987
0.0016	0.00119	0.00269	0.00149	0.00218	0.001	0.003	0.00127	0.0044	0.00358	0.00228	0.00184	0.00299	0.00216	0.0037	0.00186	0.00366	0.00167	0.0072	0.00146	0.00296	0.00164	0.00269	0.00159	0.00139	0.00165	0.00095	0.00078	0.00282	0.01027	0.12547	0.37843	0.16507	0.13317	0.65103	0.95886	0.64648	0.03246	0.01433	0.00498	0.00139	0.00184	0.00051	0.00061	0.00037	0.00047	0.00165	0.00065	0.00205	0.00091	0.00117	0.00726	0.98186	0.9976	1	0.99669	0.99137	0.98247	0.97231	0.79521	0.74772	0.01058	0.00538	0.00273	0.00781	0.0018	0.00209	0.00208	0.00354	0.06067	0.00547	0.00939	0.00458	0.0241	0.03021	0.19275	0.20768	0.19395	0.12611
0.00234	0.00149	0.00258	0.00212	0.00122	0.00123	0.00209	0.00223	0.00219	0.00643	0.00341	0.00248	0.00256	0.0019	0.00181	0.00278	0.00198	0.00154	0.00303	0.00202	0.00366	0.00185	0.0036	0.00236	0.002	0.0026	0.00275	0.00087	0.00267	0.00413	0.14752	0.3209	0.45632	0.37979	0.70067	0.92194	0.1932	0.01038	0.0068	0.00293	0.00236	0.00209	0.00076	0.00114	0.00076	0.00131	0.00149	0.00144	0.0011	0.00282	0.00054	0.00445	0.01461	0.70658	0.99669	1	0.99226	0.96807	0.39207	0.0101	0.00735	0.00454	0.00142	0.00115	0.00166	0.00133	0.0015	0.00248	0.00206	0.00527	0.00199	0.00153	0.00131	0.005	0.01079	0.04526	0.081	0.10014	0.12651
0.00201	0.00088	0.00152	0.00114	0.00088	0.00054	0.00132	0.00094	0.00173	0.00253	0.00411	0.00261	0.00261	0.00132	0.00126	0.00109	0.00136	0.00151	0.00266	0.00155	0.00393	0.00207	0.00237	0.00173	0.00156	0.00156	0.00134	0.00085	0.00129	0.00149	0.01165	0.03901	0.11859	0.07726	0.07729	0.07892	0.02824	0.00606	0.0044	0.00306	0.00162	0.00107	0.00055	0.001	0.00128	0.00154	0.00214	0.00114	0.00086	0.00205	0.00101	0.00138	0.00518	0.2555	0.99137	0.99226	1	0.99754	0.96035	0.02048	0.00463	0.00226	0.00152	0.00115	0.00214	0.00101	0.00116	0.00238	0.00177	0.00307	0.00102	0.00139	0.00032	0.00293	0.00295	0.02691	0.06443	0.16077	0.17183
0.0027	0.00143	0.003	0.00117	9e-04	0.00101	0.00109	0.00111	0.00161	0.00289	0.0029	0.00307	0.00211	0.00113	0.00093	0.0011	0.00152	0.00123	0.00226	0.00093	0.00197	0.00187	0.00179	0.00129	0.00116	0.00163	0.00113	8e-04	0.00166	0.00157	0.00592	0.01191	0.04121	0.02076	0.02498	0.0414	0.01326	0.00652	0.00477	0.00171	0.00114	0.00086	0.00062	0.00091	0.00119	0.00221	0.00074	0.00112	8e-04	0.00437	0.00145	0.00381	0.01112	0.94531	0.98247	0.96807	0.99754	1	0.99733	0.93506	0.0546	0.00455	0.00236	0.00243	0.0016	0.00119	0.00139	0.00133	0.001	0.00131	0.00048	4e-04	0.00077	0.00234	0.0021	0.05585	0.2041	0.40021	0.35528
0.00386	0.00153	0.00289	0.00108	0.00114	0.00088	0.00235	0.00109	0.00224	0.00269	0.00323	0.00208	0.00317	0.00111	0.00091	9e-04	0.00131	0.00084	0.00207	0.00136	0.00227	0.00151	0.00266	0.00232	0.00106	0.00231	0.00199	0.00127	0.00145	0.00284	0.00406	0.00777	0.01628	0.01514	0.01927	0.13705	0.00783	0.00309	0.00329	0.00144	0.00127	0.00129	0.00068	0.00186	0.00137	0.00163	0.00113	5e-04	0.00092	0.00143	0.00097	0.01572	0.04442	0.96133	0.97231	0.39207	0.96035	0.99733	1	0.99315	0.67125	0.0043	0.00199	0.00099	0.00219	0.0036	0.00256	0.00304	0.00172	0.00399	0.00076	0.0028	0.00074	0.00299	0.00451	0.65611	0.7458	0.685	0.49686
0.00274	0.00143	0.00236	0.00145	0.0014	0.00145	0.00184	0.00171	0.00126	0.00214	0.00144	0.00113	0.00103	0.00107	0.00083	0.00089	0.00132	0.00125	0.00135	0.0012	0.00145	0.00092	0.00116	0.00119	0.00131	0.00123	0.00215	0.00188	0.00216	0.00319	0.00428	0.00569	0.00689	0.00343	0.00474	0.01056	0.00483	0.00457	0.00373	0.00181	0.00219	0.00112	0.00091	0.00167	0.0012	0.00118	0.00105	0.00262	0.00182	0.00697	0.0042	0.96754	0.96499	0.98444	0.79521	0.0101	0.02048	0.93506	0.99315	1	0.99286	0.97401	0.008	0.00442	0.00244	0.00207	0.00102	0.00063	0.00062	0.00119	0.00107	0.00065	0.00081	0.00604	0.04075	0.86152	0.93273	0.67644	0.25482
0.0109	0.00513	0.02532	0.00425	0.02385	0.00291	0.01172	0.00192	0.0041	0.00186	0.00198	0.00149	0.00238	0.00186	0.00781	0.0012	0.00817	0.00213	0.00562	0.00087	0.00174	0.0014	0.00168	0.00168	0.00159	0.0058	0.00265	0.01598	0.00497	0.01797	0.00558	0.02274	0.01061	0.00539	0.00992	0.02813	0.00996	0.10443	0.0101	0.01855	0.00506	0.00553	0.00085	0.00136	0.00061	0.00086	0.00124	0.00065	0.00097	0.00675	0.1444	0.957	0.96767	0.79337	0.74772	0.00735	0.00463	0.0546	0.67125	0.99286	1	0.99637	0.97664	0.1654	0.01126	0.00376	0.00276	0.00358	0.00396	0.06139	0.0073	0.00974	0.01704	0.95673	0.90206	0.95359	0.84641	0.13318	0.02429
0.00479	0.00522	0.01059	0.00464	0.006	0.00258	0.00271	0.00195	0.00166	0.00175	0.00086	0.00088	8e-04	0.00124	0.00138	0.0013	0.00264	0.00196	0.00217	0.00186	0.00124	0.00104	0.00184	0.00087	0.00132	0.00201	0.00217	0.00242	0.00292	0.00283	0.00282	0.00357	0.00474	0.00179	0.00319	0.00293	0.00266	0.01585	0.00639	0.0106	0.01067	0.00253	0.00184	0.00455	0.00142	0.00233	0.00393	0.00462	0.01084	0.94582	0.95523	0.98	0.70244	0.02399	0.01058	0.00454	0.00226	0.00455	0.0043	0.97401	0.99637	1	0.99691	0.79771	0.00838	0.00377	0.00149	0.00168	0.00254	0.01622	0.00734	0.00983	0.04977	0.93564	0.96795	0.87691	0.77125	0.07761	0.03178
0.01002	0.01044	0.09448	0.01721	0.16822	0.00541	0.03205	0.00204	0.00305	0.00164	0.00112	0.00119	0.00188	0.00212	0.03056	0.00246	0.06775	0.00285	0.00662	0.00105	0.00178	0.00104	0.00152	0.00212	0.00154	0.00876	0.00286	0.02316	0.0037	0.01859	0.00348	0.01344	0.00426	0.00257	0.00412	0.00542	0.00381	0.1487	0.01365	0.13732	0.03781	0.00943	0.00106	0.00396	0.00238	0.00163	0.00476	0.00434	0.19722	0.95496	0.97823	0.81024	0.38153	0.00796	0.00538	0.00142	0.00152	0.00236	0.00199	0.008	0.97664	0.99691	1	0.99675	0.97295	0.01501	0.01837	0.01628	0.01639	0.73352	0.33024	0.85234	0.92216	0.9745	0.84014	0.1051	0.02172	0.01172	0.00969
0.0104	0.01021	0.02001	0.00633	0.0068	0.00229	0.00291	0.00185	0.00082	0.00103	0.00052	0.00069	0.00071	0.00086	0.00129	0.00117	0.00177	0.00158	0.00138	0.00105	0.00096	0.00084	0.00109	0.00082	0.00109	0.0015	0.00136	0.00112	0.0015	0.00166	0.00141	0.00256	0.00182	0.00097	0.00194	0.00179	0.00233	0.00609	0.00368	0.01084	0.03584	0.00503	0.00341	0.00422	0.00318	0.00752	0.03558	0.35052	0.93353	0.97336	0.70144	0.02067	0.01099	0.00593	0.00273	0.00115	0.00115	0.00243	0.00099	0.00442	0.1654	0.79771	0.99675	1	0.99546	0.96824	0.03787	0.01601	0.05874	0.67873	0.65468	0.88064	0.9463	0.82047	0.60944	0.01959	0.00748	0.00521	0.00621
