1	0.68251	0.61935	0.35039	0.42209	0.12864	0.0328	0.01023	0.01293	0.0053	0.00303	0.00278	0.00222	0.00191	0.00194	0.00312	0.00378	0.00496	0.0065	0.00593	0.00763	0.00788	0.00807	0.00853	0.00763	0.01165	0.01072	0.01021	0.00951	0.01264	0.00898	0.01264	0.01018	0.0084	0.00775	0.00906	0.00933	0.00857	0.00777	0.01127	0.01096	0.01079	0.00941	0.01181	0.01015	0.00986	0.00783	0.0108	0.01094	0.01167	0.01383	0.01345	0.01092	0.01062	0.00881	0.00661	0.00612	0.00511	0.00576	0.00507	0.00495	0.00513	0.0059	0.00693	0.00645	0.00725	0.00704	0.00861	0.00681	0.00844	0.00706	0.00838	0.00803	0.00639	0.00552	0.00669	0.00721	0.00625	0.00624	0.00804	0.00821	0.0089	0.00838	0.00767	0.00706	0.00541	0.00606	0.00582	0.00604	0.00527	0.00415	0.00483	0.00601	0.00799	0.00799	0.00858	0.00969	0.01061	0.01086	0.00982	0.00993	0.00881	0.01017	0.00895	0.00806	0.00805	0.00953	0.00926	0.00819	0.00657	0.00676	0.00623	0.00563	0.00466	0.00476	0.00478	0.00455	0.00429	0.00575	0.0045	0.0046	0.00473	0.0044	0.00408	0.00462	0.00519	0.00503	0.00505	0.00455	0.00461	0.00574	0.00546	0.00873	0.01389	0.02441	0.03147	0.02572	0.0241	0.01341	0.01193	0.01026	0.00824	0.00744	0.00684	0.00451	0.00396	0.004	0.00362	0.00412	0.00438	0.00442	0.00437	0.00374	0.00341	0.00332	0.0038	0.00629	0.00627	0.00774	0.01124	0.01278	0.01031	0.01317	0.01437	0.01591	0.01123	0.00793	0.00651	0.00757	0.00804	0.00613	0.00674	0.00525	0.00421	0.0045	0.00377	0.00526	0.00491	0.00929	0.00826	0.00944	0.00986	0.00989	0.01324	0.01231	0.01156	0.0104	0.01	0.01054	0.0087	0.00848	0.00715	0.00684	0.0054	0.00451	0.00512	0.00553	0.00636	0.00793	0.00756	0.00755	0.00692	0.00592	0.00499	0.00553	0.00767	0.00831	0.00773	0.00653	0.00634	0.00701	0.00616	0.00688	0.00627	0.00578	0.00483	0.00534	0.00659	0.00817	0.00791	0.00672	0.00852	0.00682	0.00525	0.00543	0.00545	0.00515	0.00549	0.00747	0.00669	0.0068	0.00419	0.00502	0.00454	0.00469	0.00637	0.00785	0.00973	0.00732	0.00575	0.00549
0.68251	1	0.89965	0.85043	0.68108	0.78685	0.08844	0.00905	0.00472	0.00638	0.00344	0.00216	0.00229	0.00165	0.00173	0.00381	0.0031	0.00381	0.00456	0.00348	0.00461	0.00584	0.00549	0.00584	0.00463	0.00978	0.00799	0.00783	0.00971	0.01285	0.00766	0.01425	0.00909	0.00761	0.00772	0.01118	0.00827	0.00635	0.00576	0.01029	0.00834	0.00773	0.00911	0.01344	0.01057	0.0095	0.01033	0.01688	0.01205	0.01702	0.02393	0.0146	0.0117	0.01477	0.01075	0.0073	0.00651	0.00675	0.00896	0.0077	0.00708	0.0084	0.00848	0.00742	0.00668	0.00826	0.00739	0.00998	0.0072	0.00974	0.00793	0.01009	0.00941	0.00608	0.00564	0.00903	0.00825	0.00597	0.00737	0.01088	0.00958	0.0103	0.01002	0.00931	0.00939	0.00623	0.00717	0.0068	0.00601	0.00574	0.00469	0.00564	0.00659	0.00933	0.0087	0.00891	0.01143	0.01221	0.01167	0.01248	0.01358	0.01125	0.01332	0.01161	0.0098	0.01074	0.01223	0.01197	0.00951	0.00802	0.00699	0.00667	0.00581	0.00424	0.0048	0.00483	0.00441	0.00341	0.0053	0.00443	0.00422	0.00469	0.00395	0.00402	0.00438	0.0042	0.0047	0.00457	0.00379	0.00401	0.00621	0.00638	0.00954	0.01622	0.03383	0.07124	0.03703	0.03758	0.01825	0.01599	0.01078	0.00856	0.00783	0.00804	0.00512	0.00421	0.00454	0.00405	0.00467	0.00461	0.00451	0.00514	0.00329	0.00288	0.00353	0.00347	0.00679	0.00696	0.00935	0.01701	0.01851	0.01412	0.02243	0.02047	0.02608	0.01466	0.00883	0.00749	0.00888	0.0077	0.00435	0.00555	0.00506	0.0034	0.00373	0.00365	0.00637	0.00622	0.01663	0.01116	0.01329	0.01373	0.01403	0.0243	0.01839	0.0135	0.01289	0.01406	0.01289	0.00815	0.01018	0.00792	0.00651	0.00492	0.00468	0.00518	0.0058	0.00665	0.01022	0.01093	0.00936	0.008	0.00701	0.00685	0.00652	0.00943	0.011	0.00896	0.00661	0.00687	0.00835	0.00792	0.0076	0.00754	0.00738	0.00635	0.00598	0.00779	0.00963	0.00788	0.00613	0.00914	0.00664	0.00468	0.00545	0.00543	0.00516	0.00492	0.00686	0.00505	0.0059	0.0041	0.00557	0.00755	0.00714	0.00885	0.01086	0.01128	0.00823	0.00475	0.00596
0.61935	0.89965	1	0.85858	0.87276	0.88955	0.89186	0.02228	0.0035	0.00246	0.0047	0.00245	0.00243	0.00252	0.00125	0.00269	0.00261	0.00351	0.00397	0.00268	0.00517	0.00402	0.00528	0.00561	0.00562	0.01287	0.00918	0.00811	0.00876	0.01313	0.00807	0.02409	0.01524	0.01117	0.01377	0.01913	0.01957	0.00864	0.00772	0.01766	0.01075	0.00886	0.00984	0.02139	0.01291	0.01061	0.01231	0.02202	0.01235	0.01508	0.03454	0.0177	0.01325	0.02478	0.01356	0.01074	0.01048	0.00989	0.0184	0.01239	0.00904	0.01057	0.01366	0.01033	0.00778	0.01221	0.00964	0.01631	0.00977	0.01808	0.01052	0.01935	0.01448	0.00916	0.00919	0.0175	0.01654	0.00842	0.01063	0.01779	0.01416	0.01977	0.01739	0.01462	0.01917	0.01349	0.01799	0.01618	0.01389	0.00819	0.00558	0.00825	0.00976	0.01526	0.01156	0.01295	0.0203	0.01932	0.01551	0.02213	0.02327	0.01745	0.02935	0.01295	0.01353	0.0142	0.01915	0.0144	0.01003	0.01044	0.01005	0.00865	0.01076	0.00715	0.00835	0.00703	0.00681	0.00563	0.00665	0.00575	0.00655	0.00447	0.00395	0.00392	0.00524	0.00512	0.00684	0.00762	0.00523	0.0064	0.00875	0.00884	0.01734	0.02056	0.04732	0.11229	0.05196	0.05777	0.02815	0.02455	0.01961	0.01845	0.01654	0.01219	0.00764	0.00729	0.0069	0.00628	0.00937	0.00728	0.00703	0.01025	0.00441	0.00364	0.00575	0.00602	0.01437	0.01487	0.02229	0.04053	0.0333	0.02796	0.05903	0.02995	0.0479	0.01987	0.01052	0.00932	0.01484	0.01575	0.00848	0.01215	0.00994	0.00814	0.00773	0.00664	0.01186	0.00826	0.02834	0.01096	0.01375	0.0135	0.01429	0.03345	0.02322	0.01401	0.01888	0.02672	0.03105	0.01579	0.02026	0.01943	0.01134	0.00578	0.00704	0.00955	0.01404	0.01246	0.02086	0.0218	0.02443	0.01385	0.01187	0.01303	0.01612	0.02324	0.02924	0.02625	0.01586	0.02162	0.02397	0.018	0.01879	0.01072	0.01154	0.00933	0.01066	0.01655	0.02234	0.01992	0.01722	0.02628	0.01622	0.00872	0.0134	0.01054	0.01098	0.01058	0.01704	0.0135	0.0162	0.00853	0.01179	0.00886	0.00832	0.0084	0.0073	0.00889	0.00724	0.00435	0.00522
0.35039	0.85043	0.85858	1	0.89962	0.89186	0.88855	0.89006	0.01423	0.00302	0.0025	0.00428	0.00243	0.00155	0.00144	0.00189	0.00186	0.00425	0.00359	0.00307	0.00479	0.0045	0.00549	0.006	0.00604	0.01581	0.00984	0.00869	0.00824	0.01648	0.00796	0.0229	0.01374	0.01322	0.01502	0.02559	0.02132	0.01061	0.00839	0.0169	0.01138	0.00896	0.01013	0.02188	0.01093	0.01033	0.01136	0.01911	0.01177	0.01563	0.02492	0.01999	0.01579	0.03159	0.01565	0.01541	0.01125	0.01145	0.01918	0.01256	0.00947	0.01144	0.01621	0.01181	0.00834	0.0138	0.01091	0.01943	0.01092	0.02461	0.0116	0.0269	0.01838	0.01441	0.01466	0.02852	0.02515	0.01203	0.01544	0.02566	0.02	0.02525	0.02147	0.02064	0.02478	0.01826	0.02224	0.01983	0.02052	0.01164	0.00593	0.01066	0.01532	0.02228	0.01641	0.01831	0.02825	0.02676	0.02231	0.03059	0.03179	0.02427	0.04478	0.01894	0.02038	0.01957	0.02949	0.01775	0.01347	0.01318	0.0135	0.01112	0.01446	0.00896	0.01306	0.00828	0.00908	0.00781	0.00919	0.00795	0.00903	0.00645	0.00586	0.00517	0.00771	0.00673	0.00815	0.00961	0.00704	0.00958	0.0121	0.01158	0.02127	0.03337	0.08797	0.20598	0.08545	0.1025	0.04187	0.03551	0.02576	0.02246	0.02362	0.0133	0.01075	0.01051	0.0089	0.00859	0.01318	0.00817	0.00912	0.01003	0.00499	0.0043	0.00671	0.00829	0.01658	0.01296	0.02518	0.04844	0.03985	0.03511	0.09038	0.03447	0.06042	0.02342	0.01317	0.01212	0.01894	0.02132	0.01199	0.01944	0.01279	0.01188	0.01092	0.00988	0.01759	0.01126	0.04201	0.01492	0.0226	0.02087	0.02573	0.05185	0.03268	0.0188	0.02948	0.03928	0.05413	0.02515	0.0264	0.02367	0.01534	0.00773	0.0083	0.01378	0.02044	0.01767	0.03354	0.02603	0.03866	0.01582	0.01298	0.01302	0.01766	0.027	0.038	0.03277	0.02003	0.03654	0.04047	0.02475	0.02759	0.0144	0.01604	0.0138	0.01688	0.02783	0.03802	0.03538	0.02954	0.05102	0.02489	0.01416	0.02444	0.01691	0.02457	0.02348	0.05205	0.02952	0.05064	0.01831	0.02742	0.01669	0.01191	0.01085	0.00853	0.00848	0.00788	0.00626	0.0058
0.42209	0.68108	0.87276	0.89962	1	0.89773	0.91697	0.90425	0.91449	0.01329	0.00342	0.00232	0.00363	0.00134	0.00083	0.00198	0.00084	0.0017	0.0024	0.00159	0.00398	0.00267	0.00405	0.00389	0.00451	0.01062	0.00679	0.00632	0.00611	0.01304	0.00591	0.01563	0.00827	0.00681	0.00922	0.01254	0.01268	0.00603	0.0057	0.0111	0.00819	0.00703	0.0078	0.02083	0.00965	0.01199	0.01092	0.01814	0.00884	0.01169	0.01672	0.00986	0.01183	0.02411	0.00983	0.01118	0.0087	0.00885	0.01555	0.00886	0.00653	0.00873	0.01112	0.00678	0.00514	0.00793	0.00653	0.01192	0.00673	0.01529	0.00736	0.01752	0.01211	0.0092	0.00963	0.02097	0.02226	0.00963	0.01282	0.02217	0.01382	0.0239	0.02196	0.0218	0.03293	0.02343	0.03384	0.0266	0.03267	0.0134	0.00583	0.0094	0.01327	0.02085	0.01184	0.01314	0.02673	0.02662	0.01829	0.02902	0.03501	0.02394	0.05059	0.01804	0.0193	0.01808	0.02341	0.01415	0.01096	0.01063	0.00971	0.00913	0.00977	0.00661	0.00827	0.00631	0.00659	0.00526	0.00717	0.00653	0.00687	0.00489	0.0044	0.00406	0.00551	0.00525	0.00628	0.0084	0.00488	0.00693	0.00919	0.00775	0.01465	0.01922	0.06244	0.14134	0.05026	0.07505	0.03316	0.02614	0.01955	0.01901	0.01889	0.00924	0.00729	0.00704	0.00636	0.00691	0.01182	0.00704	0.00733	0.00689	0.00345	0.00325	0.00445	0.0048	0.01197	0.00922	0.01575	0.02309	0.02086	0.01897	0.05033	0.0221	0.03818	0.01778	0.00973	0.00974	0.01422	0.01869	0.00951	0.01808	0.012	0.01314	0.01204	0.00955	0.01753	0.01079	0.05229	0.01493	0.02363	0.02395	0.02839	0.07606	0.03905	0.01873	0.0334	0.05508	0.07302	0.02373	0.0282	0.02587	0.01293	0.00571	0.00669	0.01012	0.01965	0.01482	0.03206	0.02333	0.03768	0.01192	0.0101	0.01016	0.01234	0.0205	0.03261	0.02449	0.01304	0.02377	0.02648	0.0174	0.01908	0.01033	0.01063	0.00992	0.01031	0.02086	0.03486	0.03283	0.02186	0.0553	0.02052	0.00978	0.01997	0.01237	0.01843	0.02255	0.0494	0.02417	0.05614	0.01805	0.02659	0.01394	0.0103	0.00883	0.00946	0.01018	0.00745	0.00495	0.00482
0.12864	0.78685	0.88955	0.89186	0.89773	1	0.93254	0.92732	0.90784	0.91985	0.01097	0.00248	0.00195	0.00265	0.00116	0.00199	0.00109	0.00118	0.00136	0.00149	0.00356	0.00316	0.00349	0.00471	0.00468	0.01269	0.00723	0.00767	0.0077	0.02049	0.00856	0.04319	0.01805	0.01513	0.01977	0.03615	0.03919	0.01391	0.01017	0.02737	0.01854	0.01213	0.0144	0.04303	0.01763	0.01873	0.01564	0.02428	0.01334	0.02106	0.04323	0.01875	0.02757	0.07111	0.02703	0.03575	0.02574	0.02478	0.05319	0.03426	0.01284	0.01762	0.02955	0.01294	0.0084	0.01473	0.01236	0.02265	0.00974	0.02241	0.0098	0.02778	0.01774	0.01203	0.01164	0.02922	0.02633	0.01088	0.01382	0.02583	0.01571	0.02837	0.02585	0.02881	0.04044	0.0243	0.03542	0.02473	0.02481	0.01299	0.00546	0.00857	0.0121	0.01951	0.00973	0.01044	0.02012	0.01996	0.01389	0.02211	0.02547	0.0203	0.0342	0.01697	0.01644	0.02039	0.02542	0.01594	0.01281	0.01269	0.01359	0.0132	0.01354	0.00985	0.0126	0.00972	0.0104	0.00844	0.00917	0.01027	0.01015	0.0059	0.00553	0.00565	0.0088	0.00743	0.00883	0.01089	0.00606	0.00805	0.00927	0.0069	0.01117	0.01283	0.03647	0.07858	0.03544	0.05537	0.02473	0.0242	0.01709	0.01761	0.01582	0.0084	0.00774	0.00906	0.0081	0.00794	0.01218	0.0064	0.0081	0.00749	0.00394	0.00349	0.00504	0.00513	0.01065	0.00737	0.01354	0.01828	0.02005	0.0186	0.05412	0.02387	0.05093	0.02197	0.0107	0.01186	0.01832	0.02051	0.01072	0.01686	0.01128	0.0099	0.00772	0.00737	0.01525	0.00848	0.03549	0.01141	0.01907	0.01857	0.02344	0.05739	0.03146	0.01573	0.02728	0.04286	0.04985	0.01842	0.02012	0.02037	0.01215	0.0053	0.00715	0.01325	0.02214	0.0174	0.04325	0.02877	0.05163	0.01786	0.01212	0.01256	0.0175	0.02581	0.03251	0.02334	0.01409	0.02249	0.02309	0.02198	0.02057	0.01049	0.01217	0.01118	0.01149	0.01958	0.02452	0.02263	0.01424	0.02105	0.01127	0.00556	0.01076	0.00617	0.0102	0.00945	0.02349	0.01482	0.02876	0.01182	0.01718	0.01122	0.00919	0.00891	0.0106	0.01176	0.00988	0.00637	0.00528
0.0328	0.08844	0.89186	0.88855	0.91697	0.93254	1	0.94198	0.92951	0.91744	0.90483	0.00894	0.0023	0.00172	0.00212	0.00202	0.00141	0.00256	0.00218	0.00139	0.00465	0.00241	0.00379	0.00355	0.0044	0.01277	0.00806	0.00642	0.00641	0.01619	0.00736	0.0269	0.01362	0.01012	0.01235	0.0226	0.03002	0.01005	0.00599	0.01559	0.01179	0.00881	0.00911	0.02418	0.01028	0.01142	0.00907	0.01451	0.00912	0.01373	0.03568	0.01597	0.01911	0.04272	0.02097	0.02643	0.01451	0.01485	0.03565	0.0229	0.00846	0.0091	0.01686	0.00841	0.00634	0.00984	0.00938	0.02044	0.01062	0.02709	0.01324	0.04335	0.0241	0.01457	0.01163	0.02838	0.02238	0.00919	0.01056	0.01772	0.01097	0.01955	0.01917	0.02441	0.02861	0.0188	0.02691	0.02063	0.01937	0.01123	0.00507	0.00801	0.01201	0.01868	0.0088	0.01028	0.01963	0.01923	0.01288	0.02502	0.02666	0.02054	0.03656	0.01651	0.01537	0.01547	0.02227	0.01602	0.01192	0.01229	0.0123	0.01142	0.0102	0.00784	0.00959	0.00702	0.00749	0.00641	0.00772	0.00776	0.00859	0.00559	0.0058	0.00516	0.00903	0.00643	0.0079	0.0077	0.00452	0.00619	0.00791	0.00608	0.00892	0.01481	0.0486	0.11211	0.04114	0.08351	0.03107	0.0355	0.02222	0.02281	0.02153	0.01187	0.00947	0.01185	0.01124	0.01149	0.01501	0.00708	0.00827	0.00657	0.0034	0.00313	0.00471	0.00456	0.0098	0.00718	0.01465	0.02233	0.02499	0.02447	0.0907	0.03022	0.07387	0.02645	0.01178	0.01243	0.0181	0.01866	0.00984	0.0165	0.0077	0.00829	0.0055	0.00548	0.01163	0.00542	0.02349	0.00685	0.01385	0.01206	0.01782	0.04137	0.02395	0.01348	0.0267	0.04144	0.05231	0.01613	0.01912	0.0167	0.00921	0.00436	0.00573	0.01137	0.01856	0.01442	0.03398	0.01928	0.04107	0.01507	0.01336	0.01367	0.01902	0.03897	0.04332	0.04122	0.02319	0.05179	0.04478	0.04359	0.03651	0.01261	0.01497	0.01246	0.01281	0.02249	0.0294	0.02508	0.01657	0.02375	0.01022	0.00549	0.01	0.00607	0.01351	0.0131	0.03158	0.01974	0.04252	0.01493	0.01877	0.01136	0.0079	0.00765	0.0089	0.00836	0.00816	0.00491	0.00442
0.01023	0.00905	0.02228	0.89006	0.90425	0.92732	0.94198	1	0.94744	0.93476	0.92178	0.89918	0.01243	0.00267	0.00132	0.00401	0.0016	0.00299	0.00116	0.00086	0.0028	0.00186	0.00235	0.00286	0.00322	0.01141	0.00573	0.00607	0.00486	0.01312	0.00508	0.01992	0.00664	0.00525	0.00625	0.01162	0.01328	0.00515	0.00387	0.0089	0.00654	0.00611	0.00606	0.01707	0.0061	0.0077	0.00631	0.00985	0.00618	0.00894	0.01586	0.00763	0.01045	0.01983	0.00846	0.01292	0.00651	0.00741	0.02274	0.01077	0.00536	0.00621	0.01073	0.00456	0.00364	0.00672	0.00572	0.01497	0.00895	0.03238	0.01169	0.04955	0.01987	0.01868	0.01331	0.0372	0.02813	0.00979	0.0129	0.02201	0.01211	0.03004	0.02544	0.02999	0.041	0.02906	0.05537	0.04165	0.04645	0.018	0.00602	0.00961	0.01642	0.02728	0.01044	0.01319	0.03366	0.03478	0.01923	0.0441	0.0545	0.03667	0.08244	0.02408	0.0226	0.01894	0.02763	0.01461	0.01062	0.01039	0.01022	0.0089	0.00903	0.00615	0.00821	0.00476	0.00577	0.00429	0.00544	0.00574	0.00582	0.00401	0.0039	0.00359	0.00628	0.00498	0.0061	0.00729	0.00382	0.0063	0.00713	0.00668	0.01151	0.01552	0.07081	0.1429	0.0371	0.07579	0.02714	0.02754	0.02143	0.02939	0.02992	0.01392	0.01089	0.01302	0.01012	0.01079	0.01739	0.00607	0.00812	0.00642	0.00277	0.00271	0.00353	0.00416	0.01031	0.00515	0.01222	0.01864	0.01447	0.01239	0.04938	0.01365	0.03577	0.01333	0.00749	0.00733	0.01248	0.0172	0.0095	0.02387	0.01106	0.01521	0.01225	0.00906	0.02009	0.00833	0.05001	0.00911	0.01769	0.01463	0.02014	0.06064	0.03188	0.01472	0.03849	0.06933	0.09338	0.02388	0.02809	0.02631	0.01016	0.0043	0.00513	0.01055	0.01994	0.01055	0.03307	0.01799	0.04518	0.00985	0.00902	0.00906	0.01263	0.02965	0.05339	0.04734	0.02352	0.06729	0.06102	0.0347	0.03184	0.01	0.0114	0.00956	0.00979	0.02108	0.03854	0.04181	0.02675	0.07597	0.02417	0.00977	0.03176	0.01028	0.02691	0.03	0.07759	0.04365	0.10648	0.03212	0.03958	0.01456	0.00969	0.00842	0.00916	0.00816	0.00774	0.00543	0.00432
0.01293	0.00472	0.0035	0.01423	0.91449	0.90784	0.92951	0.94744	1	0.95719	0.94775	0.91716	0.92332	0.0151	0.00298	0.00253	0.00242	0.00235	0.00189	0.00117	0.00272	0.00217	0.00315	0.00305	0.00428	0.01529	0.00715	0.00917	0.00969	0.0348	0.01371	0.06453	0.01951	0.01282	0.02226	0.04717	0.04599	0.01007	0.00969	0.02014	0.01458	0.01291	0.01205	0.03804	0.01224	0.0173	0.01228	0.02278	0.01267	0.02072	0.03285	0.01418	0.02184	0.0409	0.01432	0.02605	0.01264	0.01265	0.04687	0.02625	0.0078	0.01101	0.02312	0.0075	0.0049	0.00873	0.00803	0.0187	0.00909	0.02731	0.01054	0.0392	0.01621	0.01518	0.01391	0.03125	0.02435	0.00834	0.00982	0.01827	0.0115	0.0232	0.02046	0.02136	0.02715	0.02333	0.04181	0.03424	0.03448	0.01548	0.00486	0.00667	0.01036	0.01781	0.00755	0.00762	0.01776	0.01852	0.01027	0.02356	0.03022	0.02268	0.04531	0.0192	0.01934	0.01533	0.02201	0.0124	0.00839	0.00852	0.008	0.00765	0.00927	0.00609	0.00836	0.0057	0.00764	0.00512	0.00725	0.00774	0.00758	0.00481	0.00476	0.00446	0.00646	0.00496	0.0069	0.0067	0.00369	0.00527	0.00624	0.00555	0.00877	0.01025	0.04176	0.07263	0.01821	0.03642	0.01662	0.0162	0.0124	0.02088	0.02225	0.01027	0.00935	0.01034	0.00735	0.00768	0.01157	0.00494	0.0063	0.00548	0.00243	0.00212	0.00263	0.00312	0.00868	0.00427	0.00952	0.01384	0.01108	0.0087	0.03694	0.01012	0.03021	0.01064	0.00623	0.00713	0.0107	0.01725	0.00893	0.02109	0.01049	0.01395	0.01177	0.00809	0.01927	0.00696	0.03865	0.00836	0.0137	0.01212	0.01745	0.04608	0.02983	0.01329	0.03015	0.06135	0.08315	0.02245	0.02167	0.02481	0.00903	0.0038	0.00484	0.00955	0.0156	0.00906	0.02726	0.01384	0.03778	0.00828	0.00718	0.00815	0.00967	0.0197	0.03702	0.03659	0.01636	0.03723	0.03653	0.02331	0.01792	0.0069	0.00811	0.00662	0.00691	0.01351	0.02206	0.02553	0.01391	0.03534	0.0159	0.00534	0.01589	0.00596	0.01265	0.01338	0.03951	0.02924	0.0645	0.02548	0.03317	0.01332	0.00812	0.00683	0.00792	0.00763	0.00649	0.00498	0.00429
0.0053	0.00638	0.00246	0.00302	0.01329	0.91985	0.91744	0.93476	0.95719	1	0.97016	0.95988	0.9628	0.94263	0.02024	0.00787	0.0036	0.0076	0.00337	0.00279	0.00526	0.00364	0.00455	0.00514	0.00659	0.02628	0.01303	0.01366	0.01307	0.05374	0.01967	0.0761	0.02579	0.01746	0.02801	0.05797	0.07299	0.01887	0.01117	0.028	0.0196	0.01759	0.01645	0.05062	0.01869	0.02929	0.02177	0.03579	0.0222	0.0367	0.06786	0.02552	0.03549	0.0615	0.02285	0.03759	0.01902	0.01819	0.06508	0.04434	0.01279	0.01694	0.02939	0.01263	0.00733	0.01185	0.01296	0.03448	0.01538	0.04497	0.01728	0.06722	0.02676	0.0211	0.01881	0.04606	0.02859	0.01147	0.01305	0.02245	0.01429	0.03179	0.02691	0.02626	0.0286	0.01931	0.03201	0.02628	0.02067	0.01185	0.005	0.00654	0.00889	0.01539	0.0064	0.0072	0.01439	0.01477	0.00879	0.01955	0.02205	0.01845	0.03494	0.01876	0.01839	0.01614	0.02191	0.01317	0.00965	0.01067	0.01014	0.00971	0.00976	0.00719	0.00861	0.00679	0.00872	0.00649	0.01022	0.00966	0.00983	0.00632	0.00597	0.00523	0.00771	0.00604	0.00798	0.00775	0.00406	0.00605	0.00734	0.00567	0.00856	0.01156	0.03819	0.05839	0.01491	0.03427	0.01449	0.01622	0.01265	0.02465	0.02628	0.01376	0.01264	0.01483	0.01006	0.01087	0.01521	0.00547	0.00746	0.00585	0.00244	0.00238	0.00311	0.00317	0.00857	0.00523	0.01125	0.01728	0.01888	0.01282	0.06797	0.01729	0.04892	0.01627	0.00744	0.00831	0.01154	0.01505	0.00791	0.01656	0.00727	0.00963	0.00671	0.00576	0.01381	0.00575	0.03205	0.00813	0.01446	0.01142	0.01845	0.04421	0.03098	0.01472	0.03257	0.06032	0.07468	0.02422	0.02593	0.02689	0.01057	0.0048	0.00595	0.01162	0.01798	0.01095	0.03389	0.01375	0.04165	0.00951	0.0093	0.00991	0.01238	0.03072	0.04448	0.0505	0.02561	0.06268	0.05059	0.03523	0.02527	0.00823	0.00951	0.00749	0.00745	0.01681	0.02122	0.01989	0.01184	0.01826	0.01113	0.00388	0.01021	0.00418	0.0108	0.00981	0.023	0.01768	0.04046	0.01756	0.02346	0.0141	0.00838	0.00689	0.0082	0.00755	0.00721	0.00548	0.0051
0.00303	0.00344	0.0047	0.0025	0.00342	0.01097	0.90483	0.92178	0.94775	0.97016	1	0.95657	0.95666	0.93737	0.90898	0.02791	0.00561	0.00531	0.00626	0.00241	0.00741	0.00634	0.007	0.00679	0.00824	0.03191	0.01633	0.01757	0.01298	0.04092	0.01619	0.03333	0.01236	0.00938	0.01459	0.02202	0.02573	0.0094	0.00605	0.01195	0.01072	0.01226	0.01041	0.03411	0.01282	0.02108	0.01915	0.03502	0.0173	0.0243	0.0439	0.02049	0.0212	0.03445	0.01283	0.02184	0.0101	0.01042	0.02457	0.01732	0.00811	0.00932	0.01784	0.00946	0.00666	0.01094	0.01124	0.02724	0.01545	0.04489	0.01965	0.08099	0.03226	0.02705	0.02035	0.04863	0.03052	0.01028	0.01253	0.02371	0.01561	0.03402	0.04019	0.03755	0.0395	0.02724	0.04503	0.03905	0.02584	0.01521	0.00541	0.00709	0.01132	0.01843	0.00758	0.00867	0.02159	0.02199	0.01152	0.0259	0.02866	0.02238	0.04285	0.02265	0.02289	0.01708	0.02411	0.01473	0.01035	0.01184	0.01173	0.01288	0.01142	0.00794	0.00988	0.00682	0.00844	0.00656	0.01016	0.01002	0.01084	0.00736	0.00753	0.00566	0.00935	0.00652	0.00949	0.00982	0.00475	0.00794	0.01022	0.00812	0.01165	0.01754	0.05207	0.07047	0.01658	0.03782	0.0162	0.023	0.01783	0.03901	0.04762	0.02728	0.02344	0.02715	0.01885	0.01764	0.02678	0.00723	0.01021	0.00637	0.0027	0.00259	0.00321	0.00334	0.00861	0.00547	0.00997	0.01702	0.01822	0.01153	0.05821	0.01683	0.04085	0.01551	0.00783	0.00851	0.01516	0.01798	0.0097	0.02042	0.00931	0.01118	0.00888	0.0067	0.01549	0.00674	0.03528	0.00916	0.01721	0.01415	0.01983	0.05458	0.03839	0.01865	0.04477	0.07928	0.08886	0.02923	0.0329	0.02851	0.0121	0.00583	0.00595	0.01206	0.01796	0.01042	0.03567	0.01466	0.03783	0.00921	0.00957	0.01154	0.01445	0.04562	0.07513	0.08583	0.04491	0.11725	0.09056	0.04661	0.03225	0.00913	0.0104	0.00802	0.0082	0.01962	0.03429	0.02847	0.01732	0.03081	0.01417	0.00644	0.01671	0.00672	0.01862	0.01988	0.03643	0.02566	0.06773	0.02792	0.02989	0.01809	0.0101	0.00754	0.0106	0.0089	0.00818	0.00645	0.00563
0.00278	0.00216	0.00245	0.00428	0.00232	0.00248	0.00894	0.89918	0.91716	0.95988	0.95657	1	0.94004	0.88819	0.90108	0.84101	0.0184	0.00612	0.00351	0.00296	0.00792	0.00989	0.01224	0.00927	0.00926	0.0315	0.01398	0.01869	0.01359	0.0393	0.01499	0.04172	0.01311	0.01019	0.01513	0.02834	0.02745	0.01028	0.00879	0.01215	0.00983	0.01167	0.00825	0.02583	0.01076	0.0122	0.00968	0.01562	0.01087	0.01193	0.02212	0.01271	0.01534	0.01805	0.00825	0.01544	0.00859	0.00825	0.01881	0.01313	0.00814	0.00684	0.01434	0.0066	0.00456	0.00742	0.00642	0.01208	0.00769	0.02249	0.01097	0.04157	0.01934	0.01896	0.01369	0.03365	0.02496	0.00943	0.01124	0.01986	0.01299	0.03071	0.03283	0.03211	0.03888	0.02871	0.04182	0.04011	0.02912	0.01371	0.00536	0.00636	0.0098	0.01899	0.0082	0.009	0.02256	0.02278	0.01146	0.02593	0.03266	0.02421	0.04627	0.02052	0.02666	0.01602	0.02078	0.01213	0.00862	0.00888	0.0094	0.00996	0.01068	0.00713	0.00985	0.0064	0.0084	0.00674	0.00838	0.00974	0.00989	0.00704	0.0057	0.00518	0.00818	0.00729	0.00951	0.01073	0.00558	0.00938	0.01084	0.01077	0.01499	0.01808	0.05805	0.08108	0.01387	0.02678	0.01213	0.01592	0.0132	0.0312	0.03966	0.02085	0.01719	0.01957	0.01191	0.01056	0.01591	0.00518	0.00743	0.00599	0.00268	0.00229	0.00329	0.00307	0.00845	0.00468	0.00906	0.01294	0.01083	0.00731	0.03627	0.01044	0.02576	0.01013	0.00653	0.00651	0.01221	0.02145	0.01223	0.0263	0.0122	0.01641	0.0127	0.00836	0.01697	0.00614	0.02963	0.00746	0.01086	0.01086	0.01509	0.03971	0.0293	0.01541	0.03338	0.06251	0.08284	0.02845	0.0279	0.02755	0.01192	0.00521	0.00523	0.01129	0.01986	0.01004	0.02847	0.01404	0.03973	0.00762	0.00819	0.01082	0.01415	0.03597	0.06936	0.07321	0.03481	0.07107	0.06251	0.03081	0.02213	0.00644	0.00663	0.00659	0.00743	0.01678	0.02847	0.02891	0.01726	0.0365	0.01552	0.00608	0.02016	0.007	0.01726	0.01721	0.0331	0.02428	0.05885	0.02426	0.02836	0.01397	0.00765	0.00669	0.0074	0.00738	0.00774	0.00678	0.00495
0.00222	0.00229	0.00243	0.00243	0.00363	0.00195	0.0023	0.01243	0.92332	0.9628	0.95666	0.94004	1	0.95557	0.94854	0.89853	0.8481	0.04685	0.00758	0.00561	0.01323	0.01491	0.02109	0.02569	0.0249	0.07878	0.03229	0.04338	0.0285	0.06898	0.02629	0.07794	0.02655	0.01706	0.03827	0.06022	0.05164	0.01492	0.01285	0.01638	0.01343	0.01343	0.0106	0.02984	0.01217	0.01768	0.01242	0.02498	0.01847	0.02276	0.02907	0.01995	0.02224	0.02882	0.01081	0.01757	0.01126	0.01067	0.02447	0.01783	0.00978	0.00992	0.02018	0.01136	0.00648	0.0107	0.01094	0.02569	0.01188	0.04517	0.02156	0.09161	0.02806	0.02414	0.02104	0.04839	0.02881	0.01053	0.01352	0.02208	0.01491	0.03258	0.03142	0.03274	0.03799	0.02977	0.04296	0.04676	0.02751	0.01247	0.00492	0.00558	0.00713	0.01376	0.00734	0.00853	0.01741	0.0164	0.00982	0.01916	0.0217	0.01741	0.03318	0.01624	0.01955	0.01227	0.01935	0.01069	0.0083	0.00857	0.00918	0.0094	0.01197	0.00761	0.01002	0.0065	0.00888	0.00736	0.00873	0.01099	0.01019	0.00649	0.00554	0.00498	0.00694	0.00599	0.00901	0.00891	0.00486	0.00819	0.00965	0.00858	0.01407	0.01531	0.05527	0.0752	0.01375	0.02435	0.01377	0.01533	0.01269	0.02799	0.0347	0.01664	0.01536	0.01776	0.00999	0.00838	0.01264	0.00394	0.00608	0.00509	0.00237	0.00226	0.00296	0.00359	0.00861	0.00511	0.01116	0.02197	0.01642	0.01021	0.05424	0.0125	0.03573	0.01174	0.00641	0.00687	0.01109	0.01779	0.01078	0.02512	0.01171	0.01509	0.01174	0.0079	0.01646	0.00597	0.02454	0.00666	0.0094	0.00817	0.0125	0.02872	0.02316	0.01254	0.02838	0.05257	0.077	0.02992	0.02824	0.02694	0.0117	0.00495	0.00561	0.01022	0.01583	0.00907	0.024	0.01193	0.04009	0.00925	0.0097	0.0126	0.01882	0.04088	0.07133	0.07058	0.03229	0.05244	0.05666	0.02323	0.01703	0.00557	0.00627	0.00578	0.00664	0.01351	0.02172	0.02469	0.01352	0.0266	0.0155	0.00578	0.01555	0.00526	0.01241	0.01163	0.02414	0.01772	0.04005	0.0166	0.02598	0.01246	0.0068	0.00583	0.00632	0.00622	0.00537	0.00539	0.00361
0.00191	0.00165	0.00252	0.00155	0.00134	0.00265	0.00172	0.00267	0.0151	0.94263	0.93737	0.88819	0.95557	1	0.96969	0.90718	0.90273	0.80561	0.04663	0.02075	0.04683	0.0355	0.03898	0.04071	0.04458	0.13126	0.05244	0.06014	0.03423	0.06417	0.02518	0.05929	0.02248	0.01483	0.02857	0.04581	0.03876	0.01698	0.01218	0.01811	0.01405	0.01795	0.01204	0.03856	0.01741	0.02332	0.01913	0.03818	0.0318	0.02724	0.03789	0.0247	0.02615	0.02871	0.01246	0.01547	0.01112	0.01021	0.01934	0.0135	0.00831	0.01046	0.01673	0.01301	0.00865	0.0158	0.01939	0.04105	0.01944	0.06885	0.03368	0.12078	0.04086	0.03121	0.02051	0.05441	0.03137	0.01118	0.01293	0.02113	0.01439	0.02896	0.0329	0.03223	0.03588	0.02862	0.03215	0.0341	0.0195	0.01051	0.00429	0.00492	0.0073	0.01372	0.0069	0.00815	0.01817	0.0166	0.00884	0.01877	0.01846	0.01593	0.02862	0.01739	0.01955	0.01358	0.02179	0.01514	0.01108	0.01143	0.01297	0.01502	0.01372	0.00952	0.01355	0.00801	0.01159	0.0089	0.0113	0.01154	0.01149	0.00689	0.00611	0.00542	0.00883	0.00636	0.00953	0.01072	0.00502	0.00885	0.01075	0.00889	0.01201	0.01491	0.0404	0.05822	0.01383	0.02313	0.01401	0.01867	0.01483	0.02963	0.03628	0.02022	0.02043	0.02291	0.01263	0.01222	0.01548	0.00511	0.00765	0.00552	0.00231	0.00232	0.00304	0.00306	0.00826	0.00542	0.01077	0.02065	0.02189	0.01346	0.07575	0.01873	0.05522	0.02123	0.00968	0.00983	0.01611	0.02147	0.01167	0.02478	0.01182	0.0141	0.01169	0.00811	0.01557	0.00627	0.02736	0.00748	0.01394	0.0131	0.01898	0.0542	0.04061	0.01848	0.04444	0.07699	0.09876	0.03779	0.03635	0.03028	0.01456	0.0055	0.0055	0.01134	0.01621	0.00949	0.02718	0.01501	0.05208	0.01613	0.01652	0.02171	0.02862	0.06444	0.07993	0.07743	0.03135	0.05471	0.04918	0.02785	0.01898	0.00664	0.00669	0.00657	0.00668	0.0132	0.026	0.02393	0.01721	0.02542	0.01688	0.00708	0.01544	0.00555	0.01197	0.01277	0.02416	0.01557	0.03827	0.01599	0.02145	0.01323	0.00769	0.00565	0.00744	0.00813	0.00616	0.00535	0.00425
0.00194	0.00173	0.00125	0.00144	0.00083	0.00116	0.00212	0.00132	0.00298	0.02024	0.90898	0.90108	0.94854	0.96969	1	0.97126	0.93981	0.90647	0.55601	0.08661	0.10976	0.08857	0.06403	0.0409	0.034	0.10172	0.04273	0.05993	0.03047	0.05574	0.02331	0.04642	0.0162	0.012	0.02139	0.03138	0.0254	0.01184	0.0102	0.01211	0.00976	0.01221	0.00887	0.02096	0.01134	0.01432	0.01092	0.02137	0.01742	0.01596	0.02118	0.01458	0.0156	0.01707	0.01048	0.01453	0.00843	0.00809	0.0137	0.00897	0.00795	0.00814	0.01297	0.00848	0.00613	0.01219	0.0115	0.0204	0.01201	0.03171	0.01618	0.04195	0.0235	0.01783	0.01338	0.03539	0.02688	0.01111	0.01366	0.02206	0.01622	0.03345	0.04425	0.04631	0.05288	0.04296	0.04484	0.04516	0.02404	0.01368	0.00555	0.00647	0.01068	0.0185	0.00909	0.01039	0.02394	0.0215	0.01126	0.02261	0.02456	0.02095	0.03286	0.01974	0.02203	0.01645	0.02652	0.02011	0.01521	0.016	0.01884	0.02327	0.01837	0.01324	0.01663	0.01026	0.01226	0.00992	0.0122	0.01338	0.01355	0.0082	0.00724	0.00605	0.0098	0.00781	0.01024	0.01094	0.00568	0.00915	0.01276	0.01015	0.0165	0.0199	0.05491	0.08245	0.02009	0.0279	0.0159	0.02216	0.0155	0.03207	0.03941	0.02238	0.02017	0.02258	0.01282	0.01228	0.01701	0.0053	0.01018	0.00726	0.00282	0.00313	0.00382	0.00356	0.0083	0.00641	0.01142	0.01873	0.02567	0.01338	0.05521	0.01976	0.04369	0.01861	0.00931	0.00929	0.01469	0.02165	0.01549	0.02657	0.01458	0.01418	0.01176	0.00946	0.01812	0.00761	0.03474	0.00975	0.01412	0.01388	0.01837	0.04829	0.03542	0.01796	0.0401	0.07904	0.1056	0.0443	0.04338	0.0307	0.01549	0.00624	0.00612	0.01251	0.01818	0.0135	0.03999	0.02428	0.10241	0.034	0.03556	0.04338	0.05458	0.10406	0.1041	0.07784	0.02891	0.05007	0.04548	0.02971	0.02304	0.0078	0.0088	0.00798	0.0085	0.01615	0.0314	0.02887	0.02403	0.03215	0.01974	0.00988	0.01804	0.00821	0.01665	0.02077	0.03602	0.02311	0.05105	0.02386	0.02624	0.01878	0.01021	0.00843	0.00987	0.01133	0.00842	0.00683	0.00532
0.00312	0.00381	0.00269	0.00189	0.00198	0.00199	0.00202	0.00401	0.00253	0.00787	0.02791	0.84101	0.89853	0.90718	0.97126	1	0.93932	0.86524	0.57255	0.2173	0.18399	0.14959	0.07975	0.0511	0.0405	0.09996	0.04149	0.05823	0.03183	0.05521	0.02825	0.05701	0.02807	0.01914	0.03543	0.05093	0.03362	0.01564	0.01243	0.01496	0.01234	0.01253	0.01038	0.0267	0.01096	0.01583	0.01219	0.02389	0.02168	0.01738	0.02178	0.01621	0.01678	0.02035	0.01116	0.01342	0.01295	0.00931	0.01722	0.01154	0.00869	0.00874	0.01592	0.01227	0.00666	0.01346	0.01449	0.02987	0.0148	0.04745	0.01978	0.04788	0.02199	0.01824	0.01454	0.03632	0.02787	0.0128	0.01657	0.02767	0.02075	0.04331	0.05644	0.05629	0.062	0.05115	0.05451	0.06184	0.03455	0.01572	0.00688	0.00897	0.0119	0.0202	0.01319	0.01396	0.03393	0.0263	0.01458	0.02487	0.02826	0.02348	0.0402	0.02037	0.02634	0.01725	0.03188	0.01993	0.01515	0.01727	0.02242	0.02303	0.02065	0.0132	0.01811	0.0119	0.01764	0.01322	0.01444	0.01893	0.01578	0.01044	0.00727	0.00666	0.00975	0.00764	0.01087	0.01235	0.00633	0.00988	0.01026	0.01028	0.01696	0.01844	0.05141	0.07129	0.01947	0.02256	0.01817	0.02132	0.01538	0.02814	0.03432	0.01699	0.01485	0.01619	0.0079	0.00803	0.00927	0.00385	0.00576	0.00643	0.00287	0.00262	0.00415	0.00416	0.00983	0.00617	0.01245	0.02185	0.01946	0.0133	0.06648	0.02559	0.06396	0.01914	0.01081	0.0112	0.01775	0.02902	0.01747	0.03061	0.01633	0.01702	0.01297	0.00971	0.01734	0.00662	0.02635	0.00941	0.0129	0.01346	0.01452	0.03649	0.02424	0.01554	0.03233	0.05712	0.08203	0.04027	0.03614	0.03232	0.01503	0.00654	0.00689	0.01249	0.0176	0.01223	0.0325	0.02514	0.09462	0.05204	0.0608	0.07456	0.08486	0.11944	0.1089	0.06703	0.02325	0.04173	0.03845	0.02422	0.01863	0.00766	0.00758	0.00786	0.00905	0.01834	0.02871	0.02834	0.02319	0.03369	0.02356	0.00976	0.02036	0.00862	0.01622	0.01742	0.02886	0.01963	0.03321	0.01589	0.02572	0.01404	0.00839	0.00742	0.00875	0.00957	0.00793	0.00654	0.00498
0.00378	0.0031	0.00261	0.00186	0.00084	0.00109	0.00141	0.0016	0.00242	0.0036	0.00561	0.0184	0.8481	0.90273	0.93981	0.93932	1	0.93901	0.65877	0.28055	0.16036	0.12332	0.06786	0.04455	0.03697	0.09273	0.04039	0.06143	0.03181	0.0513	0.0269	0.05144	0.02666	0.01771	0.0307	0.03774	0.02688	0.01158	0.00869	0.01027	0.01007	0.01063	0.00967	0.02197	0.01337	0.01717	0.01457	0.02601	0.02397	0.0234	0.02757	0.02492	0.02276	0.02288	0.01226	0.01087	0.01122	0.00925	0.01445	0.00973	0.01031	0.01157	0.02538	0.01566	0.01115	0.02224	0.02506	0.06478	0.03008	0.08063	0.0377	0.08104	0.03339	0.02566	0.02148	0.04778	0.03437	0.01847	0.02349	0.03427	0.02523	0.04347	0.05491	0.04917	0.04892	0.03688	0.02936	0.03059	0.02126	0.01205	0.00597	0.00916	0.01113	0.01676	0.00971	0.0131	0.02568	0.02104	0.01526	0.02063	0.02263	0.0197	0.02869	0.01831	0.02065	0.01777	0.02712	0.02068	0.01641	0.0188	0.02496	0.02255	0.02025	0.01384	0.01618	0.01044	0.01189	0.01209	0.01172	0.01441	0.01285	0.00892	0.00652	0.0066	0.00937	0.00793	0.01031	0.01166	0.00661	0.0105	0.01061	0.00943	0.01586	0.01897	0.04821	0.07392	0.02596	0.02295	0.01754	0.02226	0.01575	0.02614	0.02745	0.01369	0.01373	0.01449	0.00752	0.00767	0.00873	0.004	0.00617	0.0044	0.00291	0.00302	0.00414	0.0054	0.00776	0.00553	0.00882	0.01749	0.01803	0.01779	0.0775	0.03943	0.09737	0.02879	0.0141	0.01367	0.01854	0.02464	0.01574	0.02751	0.01207	0.01167	0.01047	0.00863	0.0117	0.00682	0.02556	0.01019	0.01439	0.01516	0.01882	0.04055	0.02866	0.02034	0.03638	0.06427	0.08091	0.0402	0.03445	0.02478	0.0156	0.00619	0.00705	0.01219	0.01518	0.0111	0.02866	0.02812	0.10016	0.06956	0.08724	0.0922	0.10745	0.11517	0.08444	0.04476	0.01681	0.02508	0.02503	0.0187	0.01711	0.00915	0.00887	0.00936	0.01224	0.01825	0.02602	0.02621	0.01926	0.02089	0.01429	0.00866	0.01396	0.00908	0.0152	0.01662	0.02592	0.01606	0.02433	0.01125	0.01726	0.01274	0.00829	0.00931	0.00858	0.00983	0.0079	0.0069	0.00434
0.00496	0.00381	0.00351	0.00425	0.0017	0.00118	0.00256	0.00299	0.00235	0.0076	0.00531	0.00612	0.04685	0.80561	0.90647	0.86524	0.93901	1	0.91855	0.69783	0.26	0.19345	0.1084	0.05169	0.0529	0.12612	0.0485	0.05364	0.03389	0.04909	0.0297	0.04187	0.02114	0.0111	0.01927	0.02259	0.0166	0.00925	0.00574	0.00754	0.00707	0.00777	0.008	0.01763	0.01057	0.01389	0.01104	0.01886	0.01509	0.01586	0.01841	0.01486	0.01201	0.0116	0.0067	0.0068	0.00711	0.00654	0.0091	0.00654	0.0068	0.00834	0.0109	0.00999	0.00842	0.01654	0.01776	0.03454	0.02104	0.05168	0.02766	0.05413	0.0276	0.02128	0.01995	0.03979	0.03275	0.01801	0.02177	0.03141	0.02749	0.04432	0.05401	0.0476	0.04325	0.03313	0.02703	0.0294	0.02106	0.01364	0.00734	0.00939	0.01252	0.01657	0.01041	0.01174	0.02492	0.01962	0.01443	0.01915	0.02024	0.01763	0.0242	0.01549	0.01985	0.01608	0.02554	0.02135	0.01882	0.02267	0.02621	0.02581	0.02249	0.01368	0.01543	0.01099	0.01274	0.01215	0.01399	0.01318	0.01259	0.0084	0.00727	0.00641	0.00887	0.00769	0.01103	0.01211	0.00683	0.01047	0.01317	0.01141	0.01888	0.02378	0.06348	0.08727	0.03182	0.02507	0.02045	0.02495	0.01922	0.02928	0.03154	0.01397	0.01391	0.01504	0.00837	0.0098	0.01329	0.00536	0.00826	0.00579	0.00314	0.00379	0.00595	0.00629	0.01	0.00738	0.01342	0.02206	0.02081	0.02262	0.09546	0.04515	0.09994	0.03017	0.0135	0.01464	0.01786	0.02271	0.01598	0.02554	0.01637	0.01469	0.01373	0.01196	0.01631	0.01034	0.04067	0.01535	0.01947	0.01962	0.0223	0.04593	0.03903	0.02487	0.04473	0.0843	0.09832	0.04637	0.0409	0.03036	0.01931	0.00823	0.00793	0.01519	0.02095	0.01541	0.03445	0.03375	0.09725	0.0815	0.09858	0.09372	0.09543	0.11381	0.08519	0.04427	0.01735	0.03346	0.03044	0.02455	0.02279	0.01176	0.0115	0.01258	0.01458	0.02597	0.03721	0.03001	0.02487	0.02975	0.01943	0.01391	0.02119	0.01475	0.02331	0.02798	0.03803	0.02323	0.03337	0.01912	0.02726	0.01687	0.01084	0.0099	0.01067	0.01296	0.00977	0.00741	0.00449
0.0065	0.00456	0.00397	0.00359	0.0024	0.00136	0.00218	0.00116	0.00189	0.00337	0.00626	0.00351	0.00758	0.04663	0.55601	0.57255	0.65877	0.91855	1	0.92381	0.73072	0.28638	0.16813	0.07385	0.06872	0.15042	0.05632	0.05736	0.03123	0.05748	0.03786	0.04673	0.02601	0.01633	0.02278	0.02746	0.02248	0.01403	0.0094	0.01162	0.01455	0.01265	0.01329	0.02436	0.01368	0.0162	0.01532	0.02408	0.0172	0.01836	0.01693	0.01385	0.00824	0.00834	0.0062	0.00513	0.00587	0.00601	0.00999	0.00823	0.00838	0.00958	0.01444	0.01185	0.01062	0.02171	0.02634	0.04253	0.02463	0.05457	0.02382	0.03232	0.02053	0.01765	0.01925	0.02648	0.02643	0.01888	0.02218	0.0319	0.02927	0.04562	0.05498	0.0367	0.03495	0.02304	0.01478	0.01699	0.01218	0.00923	0.00707	0.00939	0.01191	0.01584	0.01208	0.01249	0.02012	0.01698	0.01496	0.01651	0.0159	0.01497	0.01928	0.01419	0.01779	0.01737	0.02466	0.02275	0.01824	0.0215	0.02428	0.02373	0.01996	0.01415	0.01537	0.01086	0.01415	0.01333	0.01414	0.01448	0.01256	0.00889	0.00786	0.00755	0.01015	0.00983	0.01305	0.01316	0.00859	0.01177	0.01184	0.01263	0.01626	0.01998	0.03817	0.04838	0.02468	0.01783	0.01486	0.0191	0.01541	0.02014	0.01832	0.01096	0.01152	0.01132	0.00718	0.00845	0.00842	0.0045	0.00614	0.00578	0.00349	0.00364	0.0053	0.00505	0.00674	0.00723	0.01018	0.01922	0.01937	0.02409	0.09011	0.05653	0.11478	0.03552	0.01745	0.01811	0.02017	0.02127	0.01589	0.01681	0.01173	0.00832	0.00763	0.00815	0.0101	0.00987	0.02248	0.0142	0.01868	0.0228	0.02277	0.03851	0.03359	0.02511	0.03642	0.05227	0.05643	0.03497	0.02563	0.01869	0.01628	0.00945	0.0082	0.01531	0.0185	0.0159	0.02762	0.0294	0.06594	0.06946	0.08396	0.07359	0.06568	0.06742	0.04587	0.02564	0.01104	0.01614	0.0168	0.01694	0.01985	0.01442	0.01419	0.01719	0.01891	0.02803	0.02779	0.02021	0.01869	0.01856	0.01268	0.01073	0.0122	0.01392	0.01449	0.01624	0.01605	0.01231	0.01347	0.01055	0.01358	0.01289	0.0107	0.01012	0.0121	0.01464	0.01199	0.00808	0.0053
0.00593	0.00348	0.00268	0.00307	0.00159	0.00149	0.00139	0.00086	0.00117	0.00279	0.00241	0.00296	0.00561	0.02075	0.08661	0.2173	0.28055	0.69783	0.92381	1	0.91764	0.73584	0.25393	0.122	0.11159	0.15096	0.07252	0.04996	0.0316	0.04638	0.03515	0.03034	0.0186	0.01116	0.01159	0.01448	0.01518	0.01045	0.0072	0.00993	0.01162	0.01059	0.00989	0.01518	0.00924	0.00865	0.00908	0.01376	0.01071	0.01195	0.01139	0.01056	0.00714	0.00597	0.0053	0.00433	0.00492	0.00502	0.00855	0.00701	0.00753	0.00779	0.01429	0.01404	0.01386	0.03079	0.02875	0.04075	0.02907	0.04347	0.02484	0.03114	0.02182	0.02237	0.02235	0.02456	0.02306	0.02151	0.02245	0.02516	0.02671	0.03539	0.03902	0.02285	0.01995	0.01174	0.007	0.00842	0.00789	0.00702	0.00643	0.00897	0.01173	0.01265	0.01172	0.01246	0.01588	0.01402	0.01358	0.01182	0.01054	0.01154	0.01463	0.01169	0.01498	0.0177	0.02303	0.02398	0.01985	0.02348	0.02465	0.02321	0.01909	0.01378	0.01497	0.01068	0.01206	0.01231	0.01218	0.01074	0.01017	0.00914	0.00748	0.00793	0.01031	0.01176	0.01332	0.01294	0.00833	0.0108	0.01155	0.01059	0.01465	0.01844	0.02971	0.03734	0.02485	0.01535	0.01488	0.01773	0.016	0.01665	0.0136	0.01075	0.01187	0.00981	0.00842	0.00743	0.00569	0.00465	0.00523	0.00587	0.00411	0.00434	0.00489	0.00485	0.00536	0.00667	0.00705	0.01458	0.01812	0.02121	0.04139	0.0484	0.07517	0.03321	0.01793	0.01771	0.01762	0.01413	0.01045	0.01091	0.00877	0.00615	0.00604	0.0061	0.00756	0.00932	0.01795	0.01417	0.02117	0.02347	0.02644	0.03823	0.03179	0.02597	0.03061	0.03372	0.03219	0.02247	0.01473	0.01079	0.01232	0.00788	0.00797	0.0113	0.014	0.01447	0.02102	0.02896	0.04955	0.05679	0.07066	0.05289	0.04364	0.03758	0.02824	0.0157	0.0085	0.00936	0.01216	0.01274	0.01921	0.0184	0.01842	0.02296	0.02477	0.02652	0.02097	0.01623	0.01289	0.01404	0.00891	0.00946	0.00896	0.0133	0.01051	0.00998	0.0103	0.00836	0.00872	0.00666	0.01089	0.01136	0.01136	0.01019	0.01202	0.01465	0.01145	0.00721	0.0043
0.00763	0.00461	0.00517	0.00479	0.00398	0.00356	0.00465	0.0028	0.00272	0.00526	0.00741	0.00792	0.01323	0.04683	0.10976	0.18399	0.16036	0.26	0.73072	0.91764	1	0.89046	0.61235	0.27309	0.32152	0.2706	0.10448	0.0739	0.04675	0.08274	0.04037	0.02953	0.01869	0.01242	0.01454	0.01818	0.01978	0.01415	0.01142	0.01444	0.01891	0.01473	0.01531	0.01834	0.01358	0.01188	0.01209	0.01563	0.01298	0.01322	0.01106	0.01195	0.0083	0.00721	0.00612	0.00605	0.00745	0.00733	0.01161	0.00911	0.00759	0.00921	0.01545	0.01457	0.01329	0.02498	0.02074	0.02916	0.02107	0.03337	0.01929	0.02824	0.01866	0.01743	0.02422	0.0197	0.01713	0.01643	0.01845	0.01999	0.01927	0.02157	0.02566	0.01422	0.0129	0.00859	0.00553	0.00762	0.0069	0.00584	0.00512	0.0084	0.00946	0.00986	0.01107	0.01532	0.01824	0.01339	0.01441	0.01327	0.01124	0.01153	0.01343	0.01053	0.01358	0.01335	0.01768	0.01833	0.01554	0.01646	0.01954	0.01851	0.0167	0.01261	0.01411	0.01178	0.01255	0.01282	0.01416	0.01201	0.00995	0.01054	0.0091	0.00938	0.01314	0.01376	0.01576	0.01543	0.00991	0.01388	0.0129	0.01291	0.0148	0.01823	0.02728	0.02975	0.02302	0.01394	0.01468	0.01616	0.01518	0.01415	0.01233	0.0107	0.01368	0.01152	0.01045	0.00944	0.00592	0.00681	0.00671	0.00705	0.00505	0.00523	0.00584	0.00616	0.00585	0.00879	0.00847	0.01609	0.01669	0.01599	0.0268	0.02842	0.04623	0.02581	0.01713	0.01827	0.01656	0.01436	0.01154	0.01069	0.01019	0.00691	0.0078	0.00724	0.008	0.01093	0.01569	0.01561	0.02117	0.0232	0.02601	0.03152	0.02803	0.02533	0.02881	0.0269	0.02684	0.02316	0.01473	0.01066	0.01254	0.00901	0.00908	0.01229	0.01275	0.01659	0.02017	0.03174	0.0418	0.04774	0.04836	0.03905	0.03505	0.03142	0.02322	0.01377	0.00906	0.00925	0.01284	0.01407	0.02225	0.02074	0.02103	0.02277	0.02581	0.02516	0.01883	0.01368	0.01313	0.01264	0.00908	0.0106	0.00927	0.0146	0.0102	0.01034	0.00914	0.00988	0.0093	0.00874	0.0117	0.01309	0.01245	0.01159	0.01302	0.01635	0.01176	0.00706	0.00542
