1	0.63313	0.44812	0.1161	0.06827	0.04519	0.0274	0.01994	0.01728	0.01076	0.00776	0.0059	0.00376	0.00313	0.00283	0.00234	0.00203	0.00256	0.00261	0.00355	0.0043	0.0054	0.00702	0.00733	0.00824	0.00842	0.00824	0.00864	0.00937	0.00965	0.0102	0.01086	0.01007	0.00907	0.00861	0.0075	0.00731	0.00707	0.00671	0.00662	0.00671	0.00593	0.00616	0.00636	0.00523	0.00521	0.00542	0.00532	0.00529	0.00544	0.00542	0.0053	0.00563	0.00542	0.00501	0.00554	0.0053	0.00533	0.00521	0.00565	0.00579	0.00547	0.00563	0.00622	0.00561	0.005	0.00518	0.00514	0.00514	0.00584	0.00564	0.00501	0.00539	0.00612	0.00564	0.00532	0.00504	0.00511	0.0047	0.00441	0.00463	0.0048	0.00487	0.00523	0.00463	0.0055	0.00549	0.00492	0.00559	0.00587	0.00608	0.00593	0.00714	0.00692	0.00737	0.00768	0.00796	0.00798	0.00783	0.00641	0.00626	0.00568	0.00532	0.00374	0.00416	0.00376	0.00406	0.00488
0.63313	1	0.79059	0.5738	0.13785	0.08705	0.04673	0.04062	0.02602	0.01203	0.01263	0.00915	0.00526	0.00477	0.00463	0.0042	0.00366	0.00472	0.00385	0.00536	0.00785	0.00756	0.0089	0.00945	0.01027	0.01193	0.01238	0.01242	0.01374	0.01469	0.01353	0.01457	0.01411	0.0118	0.0097	0.00922	0.00845	0.00786	0.00764	0.00725	0.00782	0.00771	0.00927	0.00981	0.00652	0.00664	0.00891	0.00864	0.0077	0.0088	0.00904	0.00701	0.00766	0.00853	0.00668	0.0076	0.0079	0.00789	0.00653	0.00792	0.00866	0.00747	0.00817	0.00873	0.00839	0.0076	0.00772	0.00731	0.00768	0.00859	0.00809	0.00642	0.00719	0.0097	0.0076	0.00629	0.00711	0.00791	0.00654	0.00611	0.00655	0.00726	0.00671	0.00768	0.00699	0.00739	0.00826	0.00746	0.00707	0.00845	0.0077	0.00694	0.00957	0.00889	0.01027	0.00951	0.00814	0.00866	0.00918	0.0076	0.00792	0.00616	0.00693	0.00471	0.0047	0.00405	0.00413	0.00668
0.44812	0.79059	1	0.92407	0.87139	0.21037	0.11462	0.10051	0.09232	0.01386	0.0157	0.01306	0.00672	0.0057	0.00641	0.00418	0.00477	0.00794	0.00593	0.00712	0.01026	0.00827	0.00853	0.00874	0.01055	0.01243	0.01422	0.01528	0.0173	0.02133	0.01717	0.01756	0.01739	0.01427	0.01121	0.01089	0.01205	0.01081	0.01044	0.00983	0.00955	0.00976	0.01227	0.01347	0.00823	0.00914	0.01352	0.01386	0.01034	0.01052	0.01215	0.00871	0.01019	0.01201	0.01049	0.01114	0.01115	0.01296	0.00982	0.01121	0.01142	0.0096	0.01105	0.01228	0.01159	0.01278	0.0126	0.01039	0.01233	0.01275	0.01233	0.01026	0.01064	0.01509	0.01162	0.00811	0.0107	0.01415	0.01156	0.01077	0.01198	0.01321	0.01082	0.0137	0.01333	0.01179	0.01396	0.01453	0.01089	0.014	0.01302	0.01221	0.02039	0.01737	0.01916	0.01941	0.01524	0.01577	0.01826	0.01528	0.01349	0.01082	0.01152	0.00765	0.00765	0.00599	0.00598	0.00999
0.1161	0.5738	0.92407	1	0.96682	0.77273	0.22772	0.34401	0.23326	0.01964	0.01194	0.0163	0.00808	0.00755	0.01182	0.00685	0.00607	0.01243	0.00961	0.00871	0.01207	0.01037	0.00835	0.00797	0.01102	0.01105	0.01431	0.01821	0.01952	0.0244	0.02385	0.0231	0.02283	0.01922	0.01276	0.01134	0.01213	0.01062	0.01052	0.01156	0.01181	0.01154	0.01406	0.01396	0.00972	0.00898	0.01269	0.01355	0.01079	0.01002	0.01009	0.00883	0.01018	0.0113	0.01114	0.01197	0.01284	0.01414	0.01081	0.01207	0.0103	0.00946	0.01094	0.0126	0.01088	0.01231	0.01243	0.01104	0.01259	0.01342	0.01364	0.01122	0.01163	0.01578	0.01132	0.00892	0.01109	0.01461	0.01439	0.01102	0.01249	0.01444	0.01207	0.01678	0.01489	0.0148	0.01762	0.0162	0.0133	0.01616	0.01398	0.01795	0.02285	0.02167	0.02464	0.02332	0.01972	0.02473	0.02257	0.01558	0.01647	0.0131	0.01459	0.00934	0.00759	0.00658	0.00914	0.01068
0.06827	0.13785	0.87139	0.96682	1	0.97717	0.94419	0.76043	0.82424	0.06171	0.00971	0.00658	0.00774	0.00555	0.00851	0.00557	0.00483	0.00653	0.00631	0.00479	0.00603	0.00529	0.00451	0.00431	0.00621	0.00706	0.00872	0.00861	0.01034	0.01352	0.01451	0.01263	0.01557	0.01259	0.00951	0.0075	0.00917	0.00826	0.00844	0.00894	0.00866	0.00907	0.01079	0.01173	0.00896	0.00922	0.01148	0.0128	0.00899	0.00923	0.00931	0.00698	0.00964	0.01014	0.00945	0.00972	0.01265	0.01345	0.01003	0.0108	0.00776	0.00772	0.00911	0.01003	0.00896	0.01144	0.01184	0.0096	0.01029	0.01112	0.01237	0.0096	0.0106	0.01471	0.00933	0.00706	0.00992	0.01291	0.01227	0.01045	0.01067	0.01126	0.0103	0.01684	0.01175	0.01326	0.01749	0.01535	0.01234	0.01388	0.01067	0.01676	0.0229	0.01875	0.02338	0.02279	0.01768	0.02424	0.02345	0.01323	0.01346	0.00846	0.0128	0.00942	0.00823	0.00608	0.00824	0.01123
0.04519	0.08705	0.21037	0.77273	0.97717	1	0.98748	0.94456	0.94548	0.92013	0.0457	0.00883	0.0083	0.01063	0.01068	0.00626	0.00799	0.00982	0.00556	0.00664	0.00843	0.00519	0.00437	0.00421	0.00872	0.00845	0.0096	0.00733	0.00938	0.01625	0.01318	0.01256	0.01559	0.01269	0.00827	0.00701	0.00843	0.00715	0.00818	0.00783	0.00854	0.00872	0.01167	0.01498	0.00895	0.00916	0.01293	0.01652	0.00887	0.00892	0.00993	0.00755	0.01163	0.01217	0.01076	0.01051	0.01277	0.02069	0.01073	0.01394	0.01014	0.00897	0.00936	0.01116	0.00976	0.01357	0.012	0.01011	0.01147	0.01323	0.01714	0.01032	0.0114	0.02177	0.01195	0.00825	0.01125	0.02014	0.0166	0.01296	0.01506	0.01522	0.01287	0.02419	0.01445	0.01593	0.02806	0.02178	0.01512	0.02167	0.014	0.02177	0.03462	0.02262	0.02348	0.0285	0.01749	0.02355	0.02563	0.01246	0.01152	0.00757	0.01439	0.00974	0.01344	0.00843	0.01025	0.01459
0.0274	0.04673	0.11462	0.22772	0.94419	0.98748	1	0.98769	0.98414	0.95327	0.91498	0.02648	0.00858	0.00861	0.01182	0.00423	0.00344	0.00654	0.00318	0.00306	0.00541	0.00336	0.00317	0.00379	0.00613	0.00545	0.00736	0.00606	0.00647	0.01024	0.01099	0.00889	0.01145	0.01057	0.00741	0.00657	0.00883	0.00739	0.00962	0.00975	0.00998	0.01107	0.01646	0.02081	0.01161	0.01265	0.01823	0.01968	0.01042	0.01059	0.01225	0.00863	0.012	0.01387	0.01316	0.01242	0.01461	0.01957	0.01426	0.01447	0.01321	0.01071	0.0119	0.01381	0.0125	0.01468	0.01463	0.01198	0.01469	0.01708	0.01925	0.01325	0.01339	0.02404	0.01653	0.01157	0.01528	0.02537	0.02128	0.01598	0.01518	0.01883	0.01327	0.02505	0.01701	0.019	0.03449	0.02997	0.01819	0.02551	0.01748	0.02403	0.03845	0.02281	0.02326	0.02978	0.01934	0.02521	0.02312	0.01297	0.01145	0.0083	0.01423	0.01019	0.01264	0.00882	0.01009	0.01255
0.01994	0.04062	0.10051	0.34401	0.76043	0.94456	0.98769	1	0.9859	0.96516	0.90588	0.82793	0.02006	0.01002	0.01038	0.00608	0.00412	0.0066	0.00547	0.00259	0.00319	0.00314	0.00284	0.00316	0.00583	0.00571	0.00885	0.00592	0.00597	0.00958	0.01073	0.00919	0.01119	0.00963	0.00623	0.00572	0.00808	0.00717	0.00929	0.00957	0.01024	0.00961	0.01673	0.01916	0.01222	0.01141	0.01817	0.02073	0.01058	0.01085	0.01228	0.00941	0.01452	0.01432	0.01443	0.0133	0.01554	0.01863	0.01235	0.01621	0.01128	0.01022	0.01191	0.01304	0.01084	0.01418	0.01313	0.01287	0.01517	0.01793	0.02	0.01246	0.01511	0.02571	0.01537	0.01093	0.01518	0.02432	0.01912	0.01514	0.0162	0.01785	0.01104	0.02267	0.01328	0.0162	0.02968	0.02404	0.01647	0.02616	0.01472	0.02491	0.04058	0.02137	0.02728	0.03242	0.01763	0.02815	0.02734	0.012	0.01332	0.00854	0.01799	0.01309	0.01794	0.01185	0.01324	0.01653
0.01728	0.02602	0.09232	0.23326	0.82424	0.94548	0.98414	0.9859	1	0.9882	0.96991	0.89008	0.87028	0.01972	0.01114	0.00473	0.00463	0.0062	0.00435	0.00341	0.00303	0.00289	0.00272	0.00296	0.00572	0.00556	0.00682	0.00444	0.00451	0.0084	0.00704	0.00612	0.01063	0.00752	0.00449	0.00447	0.00559	0.00448	0.00568	0.00681	0.00754	0.00869	0.01228	0.01721	0.01071	0.0112	0.01603	0.02512	0.01025	0.00978	0.0119	0.01021	0.01506	0.01467	0.01623	0.01174	0.01542	0.01911	0.01045	0.01308	0.0098	0.00899	0.0091	0.01066	0.00912	0.01333	0.01169	0.01063	0.01288	0.01445	0.01924	0.01029	0.01296	0.02356	0.01367	0.00955	0.01563	0.02629	0.01879	0.01369	0.01492	0.01471	0.01071	0.02531	0.01502	0.01995	0.0427	0.02721	0.01725	0.03243	0.01724	0.02994	0.04998	0.02344	0.02535	0.03106	0.01451	0.02621	0.02499	0.00883	0.00785	0.0075	0.01608	0.01213	0.01479	0.01069	0.01225	0.01664
0.01076	0.01203	0.01386	0.01964	0.06171	0.92013	0.95327	0.96516	0.9882	1	0.99072	0.93332	0.92754	0.89826	0.04413	0.00865	0.00619	0.01483	0.00756	0.00516	0.00611	0.00315	0.00269	0.00334	0.00676	0.00449	0.00689	0.00349	0.00443	0.00892	0.00714	0.00574	0.00904	0.00777	0.00418	0.00395	0.00544	0.00408	0.00507	0.00563	0.00694	0.00795	0.01268	0.01609	0.01023	0.01204	0.01424	0.02101	0.00929	0.00798	0.01024	0.00837	0.01369	0.01419	0.01348	0.00977	0.01243	0.01989	0.00886	0.01216	0.00957	0.00965	0.0095	0.01069	0.00897	0.01425	0.01167	0.00991	0.01336	0.01477	0.02257	0.01144	0.01471	0.03166	0.0185	0.01157	0.01693	0.03204	0.02447	0.01625	0.01899	0.02054	0.01364	0.04428	0.01871	0.02725	0.05587	0.03152	0.01934	0.03802	0.01703	0.03514	0.0486	0.01936	0.02103	0.02774	0.013	0.02421	0.02538	0.0101	0.0081	0.00804	0.02367	0.01567	0.02445	0.01286	0.0169	0.021
0.00776	0.01263	0.0157	0.01194	0.00971	0.0457	0.91498	0.90588	0.96991	0.99072	1	0.97049	0.98322	0.96541	0.9496	0.02685	0.00749	0.00696	0.00652	0.0033	0.00327	0.00278	0.00172	0.00173	0.00376	0.00325	0.00519	0.00325	0.00433	0.00747	0.00785	0.00667	0.00951	0.00821	0.0047	0.0047	0.00596	0.00544	0.00661	0.00746	0.00875	0.00965	0.01623	0.01892	0.01225	0.01583	0.01872	0.02067	0.01106	0.01079	0.0118	0.01029	0.01444	0.01429	0.01349	0.01104	0.01227	0.01478	0.00998	0.01371	0.01127	0.01143	0.01377	0.01384	0.01171	0.0152	0.0143	0.01248	0.01657	0.01727	0.02032	0.01474	0.01896	0.03398	0.02183	0.01592	0.02104	0.02833	0.02538	0.01625	0.01588	0.01735	0.01243	0.02765	0.01607	0.02442	0.04275	0.02676	0.01812	0.03486	0.01699	0.02885	0.04125	0.01849	0.02127	0.02459	0.01502	0.02772	0.02479	0.01318	0.01096	0.0114	0.02642	0.01805	0.02369	0.01269	0.01687	0.01825
0.0059	0.00915	0.01306	0.0163	0.00658	0.00883	0.02648	0.82793	0.89008	0.93332	0.97049	1	0.9798	0.97146	0.95728	0.91249	0.03635	0.00831	0.00475	0.00447	0.00366	0.00296	0.00264	0.00227	0.00446	0.00462	0.00761	0.00362	0.00548	0.01163	0.01105	0.00828	0.01193	0.01136	0.00608	0.0063	0.0094	0.00701	0.00913	0.00864	0.00943	0.01075	0.02088	0.0212	0.01577	0.01632	0.02146	0.02593	0.01327	0.01214	0.01474	0.01303	0.01852	0.01526	0.01474	0.01134	0.01285	0.01526	0.00889	0.01319	0.00974	0.01017	0.01168	0.01311	0.01094	0.01569	0.01347	0.01363	0.01623	0.01833	0.02141	0.01482	0.02189	0.0348	0.02233	0.0151	0.02007	0.03036	0.02181	0.01576	0.01537	0.0175	0.0104	0.02291	0.01396	0.02012	0.03299	0.01965	0.01401	0.02684	0.01248	0.01993	0.03287	0.01381	0.01877	0.0236	0.0132	0.02447	0.02593	0.01279	0.01363	0.01344	0.02892	0.0233	0.02767	0.01645	0.02023	0.02535
0.00376	0.00526	0.00672	0.00808	0.00774	0.0083	0.00858	0.02006	0.87028	0.92754	0.98322	0.9798	1	0.98956	0.98051	0.96365	0.94358	0.02555	0.00736	0.00326	0.00482	0.00235	0.00211	0.00242	0.00407	0.00399	0.01021	0.00405	0.00675	0.01497	0.01083	0.00815	0.01192	0.01171	0.00605	0.00504	0.00729	0.00544	0.00675	0.00757	0.00828	0.00735	0.01464	0.01604	0.0118	0.01473	0.01598	0.02192	0.01135	0.01018	0.01092	0.01111	0.0151	0.01252	0.01055	0.00862	0.0114	0.01418	0.00733	0.01101	0.00847	0.00897	0.01018	0.01163	0.01004	0.01517	0.01241	0.01157	0.01407	0.01434	0.01926	0.01274	0.01911	0.03459	0.01918	0.01318	0.01707	0.0265	0.01925	0.01238	0.01459	0.01693	0.01144	0.02656	0.0164	0.02282	0.03432	0.01648	0.01144	0.01986	0.00941	0.01429	0.02256	0.01044	0.01329	0.01803	0.00996	0.01874	0.02117	0.01173	0.01001	0.011	0.02512	0.01993	0.02422	0.01292	0.01597	0.01885
0.00313	0.00477	0.0057	0.00755	0.00555	0.01063	0.00861	0.01002	0.01972	0.89826	0.96541	0.97146	0.98956	1	0.9891	0.98248	0.97255	0.92979	0.03157	0.00604	0.00438	0.00404	0.0024	0.00206	0.00637	0.00501	0.01045	0.00438	0.00692	0.01193	0.00991	0.00837	0.01065	0.01233	0.0066	0.00525	0.00788	0.00532	0.00688	0.00741	0.00789	0.00867	0.01468	0.01673	0.01098	0.0165	0.01649	0.01944	0.0108	0.01013	0.01199	0.00986	0.01469	0.01312	0.0107	0.00943	0.01236	0.01717	0.009	0.01383	0.01071	0.0113	0.01409	0.01426	0.01236	0.01713	0.01424	0.01265	0.01695	0.01671	0.0211	0.01555	0.02285	0.04353	0.02215	0.01641	0.02036	0.03046	0.0245	0.01385	0.01456	0.0204	0.01321	0.03392	0.02093	0.03497	0.05545	0.02452	0.01625	0.0326	0.01346	0.02245	0.03494	0.01576	0.02418	0.02752	0.01597	0.0347	0.0356	0.01882	0.01397	0.01455	0.03431	0.02416	0.02845	0.01475	0.02163	0.02229
0.00283	0.00463	0.00641	0.01182	0.00851	0.01068	0.01182	0.01038	0.01114	0.04413	0.9496	0.95728	0.98051	0.9891	1	0.98857	0.98398	0.94474	0.93006	0.02027	0.0055	0.00384	0.00445	0.00441	0.00875	0.01273	0.01873	0.00779	0.01246	0.02064	0.0155	0.01301	0.01519	0.0155	0.0084	0.00631	0.00972	0.00699	0.00738	0.00839	0.0074	0.00972	0.01641	0.01751	0.01233	0.01489	0.01692	0.01982	0.0105	0.00994	0.01161	0.01068	0.0124	0.01241	0.01012	0.00827	0.01077	0.01422	0.0077	0.01073	0.00912	0.00994	0.01098	0.01102	0.00932	0.01348	0.01239	0.01071	0.01433	0.01554	0.01937	0.01417	0.02045	0.03726	0.01953	0.01246	0.01567	0.02372	0.01943	0.0117	0.01378	0.01756	0.01065	0.02478	0.01837	0.0295	0.04303	0.02408	0.01885	0.03112	0.01344	0.02231	0.03961	0.01872	0.02796	0.02896	0.01704	0.03128	0.03838	0.02072	0.01542	0.01673	0.03784	0.02453	0.02666	0.0169	0.01952	0.02052
0.00234	0.0042	0.00418	0.00685	0.00557	0.00626	0.00423	0.00608	0.00473	0.00865	0.02685	0.91249	0.96365	0.98248	0.98857	1	0.98881	0.96756	0.9732	0.91665	0.02646	0.00844	0.00804	0.00613	0.01663	0.01853	0.04302	0.02009	0.02019	0.03813	0.02217	0.01936	0.02122	0.02379	0.01146	0.00874	0.01384	0.00923	0.01056	0.0126	0.00944	0.01347	0.022	0.02059	0.01155	0.01468	0.01625	0.0208	0.01138	0.01091	0.01182	0.01158	0.01412	0.01271	0.01029	0.00822	0.01143	0.01477	0.00883	0.01332	0.01087	0.01242	0.01254	0.01395	0.01089	0.01507	0.01384	0.01294	0.01807	0.01871	0.02277	0.01639	0.02388	0.04061	0.02192	0.01429	0.01804	0.03162	0.0228	0.01391	0.01645	0.02295	0.01232	0.02616	0.02007	0.02564	0.03564	0.01861	0.01215	0.02181	0.01045	0.01546	0.02907	0.01555	0.02238	0.02519	0.01612	0.02942	0.03693	0.01997	0.0152	0.01537	0.03537	0.02278	0.02523	0.01611	0.01984	0.02125
0.00203	0.00366	0.00477	0.00607	0.00483	0.00799	0.00344	0.00412	0.00463	0.00619	0.00749	0.03635	0.94358	0.97255	0.98398	0.98881	1	0.97156	0.98042	0.95467	0.90149	0.04201	0.01538	0.00936	0.0233	0.04657	0.06053	0.0282	0.02665	0.03269	0.02019	0.01532	0.01957	0.01868	0.01169	0.00774	0.01603	0.00868	0.01105	0.01073	0.00931	0.01115	0.01996	0.02089	0.01127	0.01432	0.01593	0.02309	0.0121	0.01244	0.01314	0.01395	0.01901	0.01688	0.01301	0.01224	0.01413	0.02149	0.01142	0.01878	0.01286	0.01417	0.01451	0.01725	0.01445	0.0206	0.01591	0.0154	0.02375	0.02527	0.03295	0.02158	0.03319	0.05614	0.02871	0.01634	0.0217	0.04347	0.03143	0.01985	0.02286	0.02996	0.01611	0.03355	0.02428	0.03117	0.04471	0.02051	0.01342	0.02368	0.01153	0.01819	0.03418	0.0165	0.02493	0.03256	0.01956	0.03292	0.04395	0.02169	0.01621	0.01659	0.0393	0.02434	0.02647	0.01624	0.01772	0.02231
0.00256	0.00472	0.00794	0.01243	0.00653	0.00982	0.00654	0.0066	0.0062	0.01483	0.00696	0.00831	0.02555	0.92979	0.94474	0.96756	0.97156	1	0.96754	0.94058	0.94744	0.90089	0.08483	0.02932	0.06084	0.08351	0.1127	0.03925	0.03686	0.05593	0.02291	0.01715	0.01622	0.01404	0.00868	0.00775	0.01192	0.00815	0.01093	0.01213	0.0087	0.01335	0.0177	0.01868	0.01018	0.01316	0.01245	0.01892	0.01082	0.01095	0.0121	0.01078	0.01599	0.01617	0.01274	0.00982	0.01485	0.0234	0.01265	0.01626	0.01334	0.01367	0.01272	0.01489	0.01268	0.01912	0.01515	0.01286	0.02111	0.02576	0.03266	0.02187	0.02966	0.04976	0.02424	0.01324	0.01625	0.03072	0.02561	0.01594	0.02008	0.02446	0.01527	0.03219	0.02415	0.02847	0.0428	0.01987	0.01399	0.02567	0.01277	0.02201	0.04012	0.01968	0.02952	0.0384	0.02347	0.03385	0.05246	0.02482	0.01536	0.01742	0.04173	0.02416	0.02547	0.01474	0.018	0.02098
0.00261	0.00385	0.00593	0.00961	0.00631	0.00556	0.00318	0.00547	0.00435	0.00756	0.00652	0.00475	0.00736	0.03157	0.93006	0.9732	0.98042	0.96754	1	0.98471	0.96303	0.9455	0.75232	0.11394	0.14789	0.19417	0.18774	0.07609	0.05328	0.08953	0.05141	0.0396	0.04205	0.03517	0.02711	0.01622	0.02265	0.01453	0.01425	0.01747	0.0107	0.0132	0.01844	0.01311	0.0084	0.01101	0.01241	0.01622	0.01039	0.01193	0.01371	0.0126	0.01578	0.01441	0.01289	0.01108	0.01439	0.02053	0.01301	0.01569	0.01121	0.01254	0.01219	0.01361	0.0109	0.01473	0.01383	0.01078	0.019	0.02192	0.02986	0.02395	0.02802	0.03937	0.02215	0.01361	0.01819	0.02873	0.02358	0.01561	0.01939	0.02315	0.01553	0.03149	0.02322	0.02646	0.03457	0.01942	0.0146	0.02233	0.01202	0.01828	0.02828	0.01633	0.0244	0.03116	0.01979	0.02794	0.03581	0.02156	0.01424	0.01442	0.0286	0.01682	0.01541	0.01038	0.014	0.01684
0.00355	0.00536	0.00712	0.00871	0.00479	0.00664	0.00306	0.00259	0.00341	0.00516	0.0033	0.00447	0.00326	0.00604	0.02027	0.91665	0.95467	0.94058	0.98471	1	0.98243	0.95369	0.82884	0.408	0.22724	0.27208	0.21468	0.09376	0.05707	0.07546	0.05338	0.05036	0.05862	0.0413	0.0303	0.02077	0.02061	0.01375	0.01189	0.01459	0.00861	0.00987	0.01277	0.01033	0.0054	0.00749	0.00979	0.01439	0.00768	0.0094	0.01181	0.01155	0.01577	0.01321	0.01232	0.01108	0.0135	0.01836	0.01134	0.01419	0.00941	0.00939	0.01032	0.0118	0.00911	0.01292	0.01069	0.00943	0.01417	0.01894	0.02666	0.02083	0.02518	0.03481	0.02141	0.01164	0.01726	0.03105	0.02569	0.01711	0.02274	0.02419	0.01542	0.02891	0.02102	0.01973	0.02814	0.01568	0.0123	0.01942	0.01033	0.01508	0.0262	0.01513	0.02538	0.02979	0.01696	0.0244	0.0335	0.01975	0.01322	0.0136	0.02548	0.0133	0.01402	0.01004	0.01445	0.01839
0.0043	0.00785	0.01026	0.01207	0.00603	0.00843	0.00541	0.00319	0.00303	0.00611	0.00327	0.00366	0.00482	0.00438	0.0055	0.02646	0.90149	0.94744	0.96303	0.98243	1	0.98416	0.90653	0.52556	0.27373	0.2906	0.24638	0.09909	0.05387	0.06163	0.03822	0.03527	0.05071	0.02934	0.02199	0.0188	0.02124	0.01407	0.01365	0.01598	0.00953	0.01288	0.01343	0.01064	0.00582	0.00749	0.009	0.01616	0.00694	0.00804	0.01024	0.0094	0.01468	0.01304	0.01207	0.01036	0.01457	0.02215	0.01079	0.01436	0.00938	0.00972	0.009	0.01151	0.00918	0.01182	0.00994	0.00899	0.0172	0.01967	0.02901	0.02154	0.02512	0.04086	0.02254	0.013	0.01743	0.03244	0.02715	0.01579	0.02196	0.02156	0.01303	0.02516	0.01897	0.01809	0.02569	0.01398	0.01196	0.02028	0.01192	0.0168	0.03189	0.02021	0.03101	0.03806	0.01843	0.02732	0.04073	0.02384	0.01387	0.01413	0.02924	0.01368	0.0142	0.01001	0.01065	0.01442
0.0054	0.00756	0.00827	0.01037	0.00529	0.00519	0.00336	0.00314	0.00289	0.00315	0.00278	0.00296	0.00235	0.00404	0.00384	0.00844	0.04201	0.90089	0.9455	0.95369	0.98416	1	0.98524	0.85604	0.32565	0.32505	0.167	0.0735	0.0444	0.04749	0.03835	0.03478	0.04457	0.02956	0.02533	0.01959	0.02264	0.0162	0.01512	0.02131	0.0125	0.01444	0.01403	0.00961	0.00588	0.00802	0.00847	0.01107	0.00634	0.00745	0.00835	0.00811	0.0117	0.01081	0.01337	0.0102	0.01384	0.01597	0.01079	0.01163	0.00929	0.01098	0.01104	0.0133	0.00949	0.01152	0.01042	0.00926	0.01768	0.01712	0.02127	0.01712	0.01869	0.02753	0.01662	0.01181	0.01659	0.02298	0.01836	0.01199	0.01869	0.01556	0.01058	0.01882	0.01655	0.01622	0.02018	0.01324	0.01207	0.0156	0.0106	0.0148	0.02137	0.0155	0.02426	0.0275	0.01756	0.02492	0.0263	0.02098	0.01167	0.01038	0.01632	0.0101	0.00985	0.0086	0.01031	0.01222
0.00702	0.0089	0.00853	0.00835	0.00451	0.00437	0.00317	0.00284	0.00272	0.00269	0.00172	0.00264	0.00211	0.0024	0.00445	0.00804	0.01538	0.08483	0.75232	0.82884	0.90653	0.98524	1	0.98686	0.8836	0.52233	0.298	0.10517	0.06481	0.06152	0.04611	0.04647	0.05788	0.04515	0.03781	0.0278	0.03394	0.02588	0.01816	0.02864	0.01608	0.0156	0.01723	0.01001	0.00664	0.00828	0.00954	0.01067	0.00665	0.00774	0.00912	0.00766	0.01133	0.0105	0.01292	0.01079	0.0118	0.01307	0.00935	0.01165	0.00891	0.01158	0.01095	0.01254	0.00935	0.01107	0.00938	0.00823	0.01291	0.01496	0.01797	0.01435	0.01473	0.02047	0.01525	0.01017	0.01476	0.0203	0.017	0.01278	0.019	0.01725	0.01172	0.0191	0.01652	0.01644	0.01977	0.01412	0.01153	0.01532	0.01072	0.01286	0.021	0.01379	0.01751	0.02046	0.01491	0.01938	0.02213	0.01753	0.00981	0.00983	0.0151	0.0087	0.0103	0.00866	0.0101	0.01142
0.00733	0.00945	0.00874	0.00797	0.00431	0.00421	0.00379	0.00316	0.00296	0.00334	0.00173	0.00227	0.00242	0.00206	0.00441	0.00613	0.00936	0.02932	0.11394	0.408	0.52556	0.85604	0.98686	1	0.98338	0.87025	0.42344	0.1753	0.07883	0.07223	0.05344	0.04946	0.05366	0.04186	0.04453	0.03517	0.03751	0.02847	0.01596	0.02213	0.01297	0.01093	0.01474	0.00959	0.00621	0.00871	0.0086	0.00976	0.00598	0.00705	0.00766	0.00649	0.00916	0.00912	0.01057	0.00998	0.01095	0.01088	0.00905	0.01081	0.00959	0.01036	0.01152	0.01279	0.01058	0.01191	0.00971	0.00877	0.0123	0.0137	0.0162	0.01301	0.01371	0.0189	0.01408	0.00937	0.01397	0.01917	0.0162	0.01256	0.01769	0.01415	0.00923	0.01578	0.01458	0.01384	0.01543	0.01228	0.01042	0.0131	0.01	0.01172	0.01919	0.01206	0.01628	0.02	0.01401	0.01964	0.02624	0.01833	0.01099	0.01173	0.01778	0.01044	0.01115	0.00941	0.01126	0.01439
0.00824	0.01027	0.01055	0.01102	0.00621	0.00872	0.00613	0.00583	0.00572	0.00676	0.00376	0.00446	0.00407	0.00637	0.00875	0.01663	0.0233	0.06084	0.14789	0.22724	0.27373	0.32565	0.8836	0.98338	1	0.97226	0.79827	0.32892	0.26249	0.16665	0.11655	0.08837	0.09459	0.05971	0.06037	0.0518	0.06229	0.04116	0.02363	0.0278	0.01733	0.01735	0.01926	0.01518	0.00945	0.01261	0.01114	0.01464	0.00824	0.00893	0.00916	0.00833	0.01416	0.01203	0.01523	0.01332	0.01607	0.01942	0.01061	0.01488	0.01116	0.01426	0.01317	0.01598	0.01314	0.01651	0.01113	0.00955	0.01412	0.01533	0.01885	0.01396	0.01601	0.02404	0.01474	0.01033	0.01628	0.02722	0.01905	0.01475	0.0267	0.01779	0.0116	0.02059	0.0233	0.01815	0.02183	0.01492	0.01361	0.01811	0.0128	0.01585	0.02558	0.01624	0.02332	0.02866	0.01859	0.02224	0.03582	0.02243	0.01316	0.01457	0.02597	0.0148	0.01831	0.01485	0.01425	0.0203
0.00842	0.01193	0.01243	0.01105	0.00706	0.00845	0.00545	0.00571	0.00556	0.00449	0.00325	0.00462	0.00399	0.00501	0.01273	0.01853	0.04657	0.08351	0.19417	0.27208	0.2906	0.32505	0.52233	0.87025	0.97226	1	0.95736	0.79281	0.44802	0.33285	0.22215	0.13769	0.10581	0.06386	0.05292	0.03738	0.04538	0.04043	0.01969	0.02608	0.01563	0.01456	0.01915	0.01917	0.01279	0.01636	0.01516	0.01878	0.00913	0.01043	0.00978	0.00812	0.01347	0.01099	0.01254	0.01074	0.01382	0.0181	0.01029	0.01374	0.01084	0.01424	0.01331	0.01394	0.01104	0.01381	0.01142	0.00893	0.01272	0.01426	0.01712	0.01241	0.0137	0.02396	0.01316	0.00881	0.01552	0.02802	0.01772	0.01492	0.02843	0.01798	0.01204	0.02083	0.02159	0.01798	0.02382	0.01697	0.01491	0.01997	0.01392	0.01717	0.03002	0.01788	0.02603	0.03199	0.02032	0.02402	0.04191	0.02495	0.01397	0.01497	0.03095	0.01892	0.02278	0.0152	0.01388	0.02131
0.00824	0.01238	0.01422	0.01431	0.00872	0.0096	0.00736	0.00885	0.00682	0.00689	0.00519	0.00761	0.01021	0.01045	0.01873	0.04302	0.06053	0.1127	0.18774	0.21468	0.24638	0.167	0.298	0.42344	0.79827	0.95736	1	0.95128	0.82129	0.44389	0.38531	0.30389	0.19246	0.09589	0.08342	0.05087	0.05093	0.04982	0.02662	0.03298	0.02228	0.017	0.02326	0.02075	0.01207	0.01404	0.01406	0.01364	0.00824	0.00768	0.008	0.00637	0.00953	0.0082	0.00981	0.00801	0.01043	0.01239	0.00841	0.01172	0.00861	0.01053	0.00952	0.00994	0.00786	0.01047	0.00877	0.00784	0.00947	0.01185	0.01243	0.01087	0.01063	0.01671	0.01082	0.00656	0.00947	0.01756	0.01283	0.01162	0.0195	0.01407	0.01007	0.01578	0.01636	0.01684	0.02049	0.01607	0.01487	0.01888	0.01348	0.01559	0.02629	0.01717	0.02285	0.02942	0.02238	0.02461	0.03817	0.02595	0.01531	0.01792	0.03813	0.01936	0.02559	0.01432	0.01465	0.01751
0.00864	0.01242	0.01528	0.01821	0.00861	0.00733	0.00606	0.00592	0.00444	0.00349	0.00325	0.00362	0.00405	0.00438	0.00779	0.02009	0.0282	0.03925	0.07609	0.09376	0.09909	0.0735	0.10517	0.1753	0.32892	0.79281	0.95128	1	0.96828	0.78028	0.46221	0.46396	0.27082	0.09735	0.07622	0.04717	0.03983	0.03488	0.02552	0.02884	0.0187	0.02054	0.02343	0.01717	0.01157	0.01073	0.01176	0.01209	0.00819	0.00871	0.00754	0.00686	0.00936	0.00765	0.01064	0.00793	0.00909	0.00995	0.00786	0.00977	0.00795	0.00849	0.00831	0.00826	0.00753	0.00882	0.00879	0.00761	0.00995	0.00961	0.01088	0.01185	0.00943	0.01472	0.00921	0.00713	0.00903	0.01439	0.01082	0.00994	0.01625	0.01158	0.00825	0.01229	0.01197	0.01356	0.01417	0.01122	0.01223	0.01399	0.01071	0.01226	0.01945	0.01329	0.01563	0.01981	0.0167	0.01976	0.02612	0.01837	0.01078	0.01298	0.02346	0.01204	0.01287	0.00955	0.01147	0.01578
0.00937	0.01374	0.0173	0.01952	0.01034	0.00938	0.00647	0.00597	0.00451	0.00443	0.00433	0.00548	0.00675	0.00692	0.01246	0.02019	0.02665	0.03686	0.05328	0.05707	0.05387	0.0444	0.06481	0.07883	0.26249	0.44802	0.82129	0.96828	1	0.98375	0.93748	0.67602	0.5361	0.14203	0.06783	0.03882	0.03189	0.02622	0.01981	0.02916	0.02231	0.02574	0.03874	0.02624	0.01572	0.01289	0.01539	0.01494	0.00916	0.00912	0.0075	0.00508	0.00737	0.0067	0.00877	0.00669	0.00795	0.00897	0.0071	0.0088	0.00636	0.00786	0.00684	0.00764	0.00709	0.00895	0.00774	0.00674	0.00817	0.00858	0.0091	0.00813	0.00792	0.01324	0.00794	0.00548	0.00852	0.01395	0.01021	0.00974	0.01786	0.01176	0.00759	0.01281	0.01472	0.01447	0.01524	0.01132	0.01156	0.01386	0.00954	0.01253	0.01976	0.01332	0.01857	0.02282	0.01772	0.02095	0.02867	0.01798	0.01177	0.01436	0.02812	0.01627	0.01861	0.01073	0.01313	0.01751
0.00965	0.01469	0.02133	0.0244	0.01352	0.01625	0.01024	0.00958	0.0084	0.00892	0.00747	0.01163	0.01497	0.01193	0.02064	0.03813	0.03269	0.05593	0.08953	0.07546	0.06163	0.04749	0.06152	0.07223	0.16665	0.33285	0.44389	0.78028	0.98375	1	0.98675	0.88357	0.65889	0.3759	0.18857	0.07987	0.06899	0.05761	0.03234	0.05139	0.04095	0.04269	0.04927	0.03256	0.01719	0.01688	0.01602	0.02176	0.01162	0.00947	0.00971	0.00591	0.00825	0.00792	0.01092	0.00766	0.00785	0.01051	0.00683	0.00954	0.00635	0.00874	0.00811	0.00797	0.00777	0.01046	0.00981	0.00755	0.01048	0.00991	0.01311	0.00994	0.00869	0.01531	0.00822	0.00565	0.00833	0.0166	0.01126	0.01033	0.01962	0.01242	0.00662	0.01181	0.01347	0.01236	0.01381	0.01084	0.01032	0.01291	0.00961	0.01127	0.01988	0.01364	0.01898	0.02354	0.01723	0.01999	0.02652	0.01572	0.01073	0.01325	0.02511	0.01629	0.0183	0.01199	0.01327	0.01903
0.0102	0.01353	0.01717	0.02385	0.01451	0.01318	0.01099	0.01073	0.00704	0.00714	0.00785	0.01105	0.01083	0.00991	0.0155	0.02217	0.02019	0.02291	0.05141	0.05338	0.03822	0.03835	0.04611	0.05344	0.11655	0.22215	0.38531	0.46221	0.93748	0.98675	1	0.98178	0.91236	0.49303	0.29494	0.13995	0.09304	0.07865	0.04035	0.06557	0.04427	0.0417	0.0434	0.02985	0.01647	0.01608	0.01641	0.01695	0.01106	0.00853	0.00853	0.00625	0.00874	0.00833	0.01402	0.00798	0.00775	0.0088	0.00716	0.00817	0.00738	0.01051	0.00966	0.00887	0.00741	0.00827	0.00879	0.00695	0.00924	0.00878	0.00972	0.01003	0.00804	0.0117	0.00763	0.00678	0.01071	0.01603	0.01408	0.01321	0.0232	0.01092	0.0075	0.01192	0.00995	0.01119	0.0102	0.00901	0.0089	0.01145	0.00883	0.01197	0.01654	0.01246	0.01768	0.02305	0.01831	0.02225	0.02461	0.01896	0.01203	0.016	0.02486	0.01527	0.01674	0.01138	0.01521	0.01526
0.01086	0.01457	0.01756	0.0231	0.01263	0.01256	0.00889	0.00919	0.00612	0.00574	0.00667	0.00828	0.00815	0.00837	0.01301	0.01936	0.01532	0.01715	0.0396	0.05036	0.03527	0.03478	0.04647	0.04946	0.08837	0.13769	0.30389	0.46396	0.67602	0.88357	0.98178	1	0.97723	0.80783	0.27515	0.21208	0.1092	0.09494	0.06735	0.09533	0.05505	0.04144	0.04516	0.03203	0.01563	0.01713	0.01582	0.01482	0.00979	0.0088	0.00859	0.00636	0.00876	0.00832	0.01376	0.00732	0.00619	0.00687	0.00564	0.00641	0.00566	0.00831	0.00849	0.00712	0.00622	0.00673	0.00684	0.00612	0.00888	0.00727	0.00893	0.0074	0.00666	0.00922	0.00586	0.00515	0.00763	0.01	0.00776	0.008	0.01262	0.00696	0.00462	0.00854	0.00763	0.00773	0.00757	0.0066	0.00728	0.00902	0.00694	0.00886	0.01336	0.00937	0.01252	0.01687	0.01333	0.01521	0.01894	0.01395	0.00822	0.01174	0.01527	0.00996	0.01052	0.00953	0.01226	0.01598
0.01007	0.01411	0.01739	0.02283	0.01557	0.01559	0.01145	0.01119	0.01063	0.00904	0.00951	0.01193	0.01192	0.01065	0.01519	0.02122	0.01957	0.01622	0.04205	0.05862	0.05071	0.04457	0.05788	0.05366	0.09459	0.10581	0.19246	0.27082	0.5361	0.65889	0.91236	0.97723	1	0.96867	0.81601	0.32174	0.23831	0.17564	0.12442	0.13092	0.06186	0.04907	0.0366	0.03568	0.019	0.01791	0.02149	0.02275	0.01404	0.01264	0.01255	0.00887	0.01282	0.01033	0.01711	0.00785	0.00707	0.0079	0.00697	0.00777	0.00679	0.00828	0.00909	0.00808	0.00815	0.00929	0.00827	0.00731	0.00971	0.00894	0.00967	0.00889	0.00777	0.01133	0.00685	0.00554	0.00768	0.01211	0.00908	0.00741	0.01238	0.00763	0.00489	0.00848	0.01034	0.00989	0.01006	0.00904	0.00905	0.01242	0.00918	0.01043	0.01795	0.01338	0.01807	0.02303	0.01822	0.01715	0.02126	0.01532	0.01066	0.01347	0.0197	0.01307	0.01518	0.01211	0.01372	0.01687
0.00907	0.0118	0.01427	0.01922	0.01259	0.01269	0.01057	0.00963	0.00752	0.00777	0.00821	0.01136	0.01171	0.01233	0.0155	0.02379	0.01868	0.01404	0.03517	0.0413	0.02934	0.02956	0.04515	0.04186	0.05971	0.06386	0.09589	0.09735	0.14203	0.3759	0.49303	0.80783	0.96867	1	0.95747	0.74825	0.28294	0.23118	0.12169	0.12473	0.07239	0.04444	0.03201	0.03102	0.01988	0.01884	0.02275	0.01954	0.01532	0.01416	0.01354	0.01067	0.01357	0.01079	0.01583	0.00679	0.00544	0.00575	0.00522	0.00739	0.00643	0.0073	0.00824	0.00739	0.00674	0.00759	0.00799	0.00611	0.00723	0.0068	0.00798	0.00713	0.00714	0.00857	0.00637	0.00522	0.00728	0.0096	0.00701	0.0065	0.00831	0.00636	0.00456	0.00645	0.00825	0.01018	0.00876	0.00807	0.00951	0.01069	0.00845	0.00892	0.01465	0.01022	0.01577	0.01884	0.01718	0.01524	0.01724	0.01297	0.01007	0.01357	0.01584	0.01131	0.01128	0.01068	0.01209	0.01585
0.00861	0.0097	0.01121	0.01276	0.00951	0.00827	0.00741	0.00623	0.00449	0.00418	0.0047	0.00608	0.00605	0.0066	0.0084	0.01146	0.01169	0.00868	0.02711	0.0303	0.02199	0.02533	0.03781	0.04453	0.06037	0.05292	0.08342	0.07622	0.06783	0.18857	0.29494	0.27515	0.81601	0.95747	1	0.9143	0.67005	0.35597	0.25526	0.15497	0.09701	0.05569	0.03047	0.03594	0.0212	0.01801	0.02537	0.01755	0.01525	0.01488	0.01421	0.01167	0.01464	0.00986	0.01266	0.00653	0.00534	0.00482	0.00522	0.00652	0.00535	0.00561	0.00684	0.00591	0.00618	0.00613	0.00618	0.00544	0.00599	0.00619	0.00643	0.00631	0.00645	0.00768	0.00594	0.0052	0.00678	0.00773	0.00561	0.00523	0.00784	0.00551	0.00475	0.00571	0.00698	0.00879	0.00699	0.00666	0.00989	0.00925	0.0079	0.00764	0.01173	0.00872	0.01286	0.01617	0.01585	0.01405	0.01538	0.01186	0.0094	0.01437	0.01325	0.00934	0.01011	0.00984	0.01136	0.0158
0.0075	0.00922	0.01089	0.01134	0.0075	0.00701	0.00657	0.00572	0.00447	0.00395	0.0047	0.0063	0.00504	0.00525	0.00631	0.00874	0.00774	0.00775	0.01622	0.02077	0.0188	0.01959	0.0278	0.03517	0.0518	0.03738	0.05087	0.04717	0.03882	0.07987	0.13995	0.21208	0.32174	0.74825	0.9143	1	0.86761	0.74907	0.26594	0.179	0.06834	0.04142	0.02991	0.03214	0.02035	0.01934	0.02589	0.01818	0.01391	0.01597	0.01518	0.01085	0.0137	0.00825	0.01012	0.00499	0.00478	0.00394	0.00351	0.00504	0.00419	0.00406	0.00481	0.00487	0.00462	0.00491	0.00472	0.00452	0.00518	0.00501	0.00516	0.00511	0.0051	0.00554	0.00487	0.0039	0.00525	0.00589	0.00452	0.00475	0.00679	0.00535	0.00397	0.0053	0.00752	0.00728	0.00563	0.0059	0.00954	0.00841	0.00775	0.00629	0.00962	0.00798	0.01122	0.013	0.01389	0.01239	0.01191	0.00929	0.00745	0.01014	0.00898	0.00709	0.00729	0.00893	0.00964	0.01407
0.00731	0.00845	0.01205	0.01213	0.00917	0.00843	0.00883	0.00808	0.00559	0.00544	0.00596	0.0094	0.00729	0.00788	0.00972	0.01384	0.01603	0.01192	0.02265	0.02061	0.02124	0.02264	0.03394	0.03751	0.06229	0.04538	0.05093	0.03983	0.03189	0.06899	0.09304	0.1092	0.23831	0.28294	0.67005	0.86761	1	0.82168	0.59214	0.24127	0.13542	0.05732	0.04282	0.05437	0.03288	0.0243	0.03128	0.02771	0.02041	0.01902	0.01962	0.01203	0.01745	0.0092	0.01195	0.00551	0.00492	0.00429	0.00444	0.00652	0.0051	0.00512	0.0065	0.00471	0.00523	0.00561	0.0056	0.005	0.00544	0.00613	0.00597	0.00545	0.00584	0.00677	0.00595	0.00519	0.0071	0.00793	0.00602	0.00656	0.00804	0.00639	0.00538	0.0059	0.00892	0.00993	0.00616	0.00616	0.0098	0.00808	0.01003	0.00697	0.01052	0.0074	0.01213	0.01321	0.01398	0.01257	0.01321	0.01003	0.0088	0.01123	0.00955	0.00841	0.00819	0.00783	0.01046	0.01419
0.00707	0.00786	0.01081	0.01062	0.00826	0.00715	0.00739	0.00717	0.00448	0.00408	0.00544	0.00701	0.00544	0.00532	0.00699	0.00923	0.00868	0.00815	0.01453	0.01375	0.01407	0.0162	0.02588	0.02847	0.04116	0.04043	0.04982	0.03488	0.02622	0.05761	0.07865	0.09494	0.17564	0.23118	0.35597	0.74907	0.82168	1	0.79774	0.62993	0.18924	0.0996	0.05354	0.06714	0.04391	0.02455	0.02939	0.02392	0.02015	0.01615	0.01749	0.0115	0.016	0.00823	0.00879	0.00569	0.00454	0.00381	0.0038	0.00465	0.00421	0.00426	0.00417	0.00359	0.00399	0.00474	0.00439	0.00429	0.0045	0.00516	0.00563	0.00478	0.00541	0.00534	0.00557	0.00467	0.00636	0.00758	0.00583	0.00642	0.00809	0.00662	0.00567	0.00577	0.00934	0.01046	0.00602	0.00475	0.00764	0.00746	0.00849	0.00592	0.009	0.00682	0.0107	0.01178	0.01406	0.01109	0.01343	0.00933	0.00825	0.01069	0.00961	0.00832	0.00782	0.00787	0.01054	0.01516
0.00671	0.00764	0.01044	0.01052	0.00844	0.00818	0.00962	0.00929	0.00568	0.00507	0.00661	0.00913	0.00675	0.00688	0.00738	0.01056	0.01105	0.01093	0.01425	0.01189	0.01365	0.01512	0.01816	0.01596	0.02363	0.01969	0.02662	0.02552	0.01981	0.03234	0.04035	0.06735	0.12442	0.12169	0.25526	0.26594	0.59214	0.79774	1	0.82046	0.63176	0.13753	0.09636	0.08826	0.06066	0.03202	0.03275	0.03465	0.02903	0.02603	0.02403	0.01364	0.01818	0.0097	0.00913	0.00489	0.00444	0.00381	0.00328	0.00443	0.00369	0.00289	0.00354	0.00301	0.00377	0.0041	0.00416	0.00423	0.00435	0.00501	0.00574	0.0046	0.00492	0.00555	0.0058	0.00518	0.00649	0.00814	0.00641	0.00738	0.00768	0.00623	0.00497	0.00539	0.00754	0.00879	0.00625	0.00526	0.00708	0.00851	0.00994	0.00603	0.00913	0.00736	0.01125	0.01199	0.01316	0.01102	0.01241	0.01008	0.00871	0.01075	0.01061	0.00983	0.00906	0.00866	0.00996	0.01414
0.00662	0.00725	0.00983	0.01156	0.00894	0.00783	0.00975	0.00957	0.00681	0.00563	0.00746	0.00864	0.00757	0.00741	0.00839	0.0126	0.01073	0.01213	0.01747	0.01459	0.01598	0.02131	0.02864	0.02213	0.0278	0.02608	0.03298	0.02884	0.02916	0.05139	0.06557	0.09533	0.13092	0.12473	0.15497	0.179	0.24127	0.62993	0.82046	1	0.78403	0.56541	0.18215	0.25534	0.09434	0.04188	0.03638	0.03086	0.03407	0.02402	0.03273	0.01514	0.01722	0.01041	0.01158	0.0051	0.00493	0.00436	0.00399	0.00483	0.00444	0.0039	0.00419	0.00405	0.00396	0.00452	0.00447	0.00488	0.00492	0.00595	0.00618	0.005	0.00549	0.00636	0.00686	0.00674	0.0082	0.00932	0.00711	0.00769	0.00794	0.00563	0.00489	0.00574	0.00804	0.00744	0.00544	0.00501	0.00615	0.00645	0.00812	0.00624	0.00862	0.00698	0.01173	0.01482	0.01443	0.01261	0.01345	0.00984	0.00953	0.01114	0.00955	0.0093	0.0083	0.00755	0.00855	0.01353
0.00671	0.00782	0.00955	0.01181	0.00866	0.00854	0.00998	0.01024	0.00754	0.00694	0.00875	0.00943	0.00828	0.00789	0.0074	0.00944	0.00931	0.0087	0.0107	0.00861	0.00953	0.0125	0.01608	0.01297	0.01733	0.01563	0.02228	0.0187	0.02231	0.04095	0.04427	0.05505	0.06186	0.07239	0.09701	0.06834	0.13542	0.18924	0.63176	0.78403	1	0.83049	0.7665	0.40826	0.23872	0.07279	0.04765	0.04495	0.05612	0.03565	0.04418	0.02431	0.02803	0.01211	0.01425	0.0059	0.00512	0.00431	0.00414	0.00564	0.00493	0.00381	0.00434	0.00324	0.00353	0.00346	0.00367	0.00361	0.00351	0.00428	0.00529	0.00407	0.00561	0.00681	0.00666	0.00546	0.00701	0.00849	0.00547	0.00676	0.00731	0.00579	0.00491	0.00533	0.00815	0.00754	0.00569	0.00556	0.00732	0.00748	0.00863	0.00671	0.00894	0.00642	0.01117	0.0166	0.01259	0.01106	0.01323	0.01002	0.00995	0.01369	0.01058	0.00895	0.00847	0.00741	0.00766	0.01217
0.00593	0.00771	0.00976	0.01154	0.00907	0.00872	0.01107	0.00961	0.00869	0.00795	0.00965	0.01075	0.00735	0.00867	0.00972	0.01347	0.01115	0.01335	0.0132	0.00987	0.01288	0.01444	0.0156	0.01093	0.01735	0.01456	0.017	0.02054	0.02574	0.04269	0.0417	0.04144	0.04907	0.04444	0.05569	0.04142	0.05732	0.0996	0.13753	0.56541	0.83049	1	0.86771	0.69188	0.36744	0.19378	0.08049	0.07153	0.07694	0.05273	0.06994	0.02842	0.02798	0.01286	0.01382	0.00691	0.00563	0.00485	0.00511	0.00711	0.00602	0.0047	0.00468	0.00377	0.0033	0.00313	0.00334	0.00387	0.00383	0.00433	0.00505	0.00422	0.00612	0.00695	0.00532	0.00474	0.00571	0.00625	0.00479	0.00541	0.00665	0.0052	0.00527	0.0051	0.0076	0.00723	0.00548	0.00484	0.00659	0.00618	0.00681	0.00636	0.00764	0.0067	0.01004	0.01301	0.01003	0.00857	0.01145	0.00857	0.00953	0.01342	0.01067	0.00961	0.00743	0.0063	0.00688	0.01145
0.00616	0.00927	0.01227	0.01406	0.01079	0.01167	0.01646	0.01673	0.01228	0.01268	0.01623	0.02088	0.01464	0.01468	0.01641	0.022	0.01996	0.0177	0.01844	0.01277	0.01343	0.01403	0.01723	0.01474	0.01926	0.01915	0.02326	0.02343	0.03874	0.04927	0.0434	0.04516	0.0366	0.03201	0.03047	0.02991	0.04282	0.05354	0.09636	0.18215	0.7665	0.86771	1	0.90957	0.7554	0.27337	0.19778	0.09752	0.11244	0.06088	0.07159	0.03435	0.03463	0.01945	0.02807	0.00852	0.00936	0.00812	0.00737	0.00919	0.00763	0.00511	0.00478	0.00405	0.00432	0.00408	0.0045	0.00543	0.00508	0.00517	0.00611	0.00439	0.00629	0.00855	0.0064	0.00579	0.00614	0.00704	0.00537	0.00755	0.00749	0.00669	0.0057	0.00715	0.01006	0.01026	0.00706	0.0073	0.0074	0.00845	0.01056	0.00879	0.01099	0.00856	0.01286	0.0155	0.01257	0.01055	0.01646	0.00982	0.00984	0.01376	0.01306	0.0126	0.01115	0.00929	0.00993	0.01501
0.00636	0.00981	0.01347	0.01396	0.01173	0.01498	0.02081	0.01916	0.01721	0.01609	0.01892	0.0212	0.01604	0.01673	0.01751	0.02059	0.02089	0.01868	0.01311	0.01033	0.01064	0.00961	0.01001	0.00959	0.01518	0.01917	0.02075	0.01717	0.02624	0.03256	0.02985	0.03203	0.03568	0.03102	0.03594	0.03214	0.05437	0.06714	0.08826	0.25534	0.40826	0.69188	0.90957	1	0.92929	0.7436	0.32664	0.26195	0.24503	0.13208	0.1044	0.0386	0.0387	0.02156	0.02192	0.00888	0.00864	0.01077	0.00869	0.01062	0.00983	0.00561	0.00552	0.00349	0.00322	0.00338	0.00398	0.00374	0.00446	0.00496	0.00661	0.00385	0.0061	0.01034	0.0057	0.00604	0.00785	0.00884	0.00575	0.00739	0.00925	0.00766	0.00756	0.00852	0.01779	0.01076	0.00848	0.00745	0.00925	0.01045	0.0138	0.01084	0.01256	0.00945	0.01326	0.01831	0.01342	0.01163	0.01738	0.00991	0.01033	0.01627	0.01528	0.01511	0.01346	0.0097	0.009	0.0154
0.00523	0.00652	0.00823	0.00972	0.00896	0.00895	0.01161	0.01222	0.01071	0.01023	0.01225	0.01577	0.0118	0.01098	0.01233	0.01155	0.01127	0.01018	0.0084	0.0054	0.00582	0.00588	0.00664	0.00621	0.00945	0.01279	0.01207	0.01157	0.01572	0.01719	0.01647	0.01563	0.019	0.01988	0.0212	0.02035	0.03288	0.04391	0.06066	0.09434	0.23872	0.36744	0.7554	0.92929	1	0.931	0.74585	0.31754	0.55896	0.32598	0.19986	0.0874	0.07286	0.02637	0.02742	0.00947	0.01015	0.01052	0.00906	0.01159	0.00812	0.00726	0.00673	0.00377	0.00336	0.00322	0.0043	0.00394	0.00514	0.00532	0.00812	0.00535	0.00682	0.01091	0.0072	0.00815	0.01276	0.01173	0.00658	0.00744	0.00815	0.00651	0.00648	0.00868	0.01175	0.00893	0.0052	0.00514	0.00577	0.00649	0.00746	0.00795	0.00855	0.00686	0.00846	0.01369	0.01255	0.00896	0.01427	0.0082	0.00916	0.01403	0.0136	0.01148	0.01041	0.00799	0.00839	0.01176
0.00521	0.00664	0.00914	0.00898	0.00922	0.00916	0.01265	0.01141	0.0112	0.01204	0.01583	0.01632	0.01473	0.0165	0.01489	0.01468	0.01432	0.01316	0.01101	0.00749	0.00749	0.00802	0.00828	0.00871	0.01261	0.01636	0.01404	0.01073	0.01289	0.01688	0.01608	0.01713	0.01791	0.01884	0.01801	0.01934	0.0243	0.02455	0.03202	0.04188	0.07279	0.19378	0.27337	0.7436	0.931	1	0.96237	0.79705	0.68434	0.57285	0.30598	0.15305	0.12381	0.03556	0.03557	0.01404	0.01068	0.01188	0.00892	0.00958	0.00825	0.0052	0.00565	0.00364	0.00374	0.00418	0.00453	0.00413	0.00645	0.00506	0.00688	0.00422	0.00582	0.0094	0.00675	0.00797	0.00988	0.00969	0.00704	0.00783	0.00931	0.00585	0.00707	0.00737	0.01184	0.00821	0.00626	0.00577	0.00684	0.00762	0.00854	0.00921	0.00821	0.00678	0.00886	0.01343	0.01035	0.00905	0.01361	0.00973	0.01336	0.02289	0.01763	0.01459	0.01379	0.01061	0.01074	0.01415
0.00542	0.00891	0.01352	0.01269	0.01148	0.01293	0.01823	0.01817	0.01603	0.01424	0.01872	0.02146	0.01598	0.01649	0.01692	0.01625	0.01593	0.01245	0.01241	0.00979	0.009	0.00847	0.00954	0.0086	0.01114	0.01516	0.01406	0.01176	0.01539	0.01602	0.01641	0.01582	0.02149	0.02275	0.02537	0.02589	0.03128	0.02939	0.03275	0.03638	0.04765	0.08049	0.19778	0.32664	0.74585	0.96237	1	0.97069	0.86789	0.65648	0.30199	0.12328	0.12406	0.04358	0.03882	0.016	0.01016	0.01233	0.00942	0.00827	0.00554	0.00487	0.00464	0.00348	0.00336	0.00358	0.00438	0.00451	0.0056	0.00525	0.00702	0.00527	0.00757	0.01242	0.00971	0.00823	0.01268	0.01181	0.00674	0.00835	0.00824	0.00637	0.00608	0.00779	0.01176	0.01043	0.00544	0.00582	0.00622	0.00728	0.00761	0.0082	0.00913	0.00689	0.01048	0.01563	0.01173	0.00996	0.02047	0.01016	0.01571	0.03004	0.02173	0.01933	0.01967	0.01293	0.01421	0.02079
